Iteration 1: X_New [[0.03134]
 [0.03144]
 [0.02941]
 [0.02709]
 [0.02956]
 [0.02798]
 [0.02803]
 [0.03115]
 [0.03382]
 [0.0306 ]
 [0.03176]
 [0.02992]
 [0.03407]
 [0.03123]
 [0.02774]
 [0.03025]
 [0.03162]
 [0.02839]
 [0.02986]
 [0.02862]
 [0.02806]
 [0.03256]
 [0.02874]
 [0.0292 ]
 [0.03008]
 [0.03113]
 [0.03388]
 [0.02683]
 [0.02993]
 [0.03324]
 [0.02842]
 [0.03318]
 [0.02715]], f(x) 6.6045Iteration 2: X_New [[ 0.04286]
 [-0.02583]
 [ 0.08471]
 [-0.03389]
 [-0.03163]
 [-0.0351 ]
 [-0.01659]
 [ 0.1176 ]
 [ 0.0164 ]
 [ 0.0865 ]
 [-0.03786]
 [-0.02545]
 [ 0.11329]
 [ 0.13262]
 [ 0.01292]
 [ 0.02695]
 [ 0.01322]
 [ 0.04144]
 [ 0.0462 ]
 [-0.11817]
 [ 0.02859]
 [ 0.02693]
 [ 0.02449]
 [-0.06126]
 [ 0.13421]
 [ 0.07669]
 [ 0.03102]
 [-0.05733]
 [ 0.1136 ]
 [ 0.05926]
 [-0.04578]
 [ 0.18228]
 [ 0.00605]], f(x) 5.8155Iteration 3: X_New [[ 0.04468]
 [-0.02322]
 [ 0.08692]
 [-0.03214]
 [-0.02909]
 [-0.03261]
 [-0.01545]
 [ 0.12058]
 [ 0.01891]
 [ 0.08963]
 [-0.03509]
 [-0.02329]
 [ 0.11561]
 [ 0.13536]
 [ 0.0155 ]
 [ 0.02862]
 [ 0.01642]
 [ 0.04352]
 [ 0.04949]
 [-0.1155 ]
 [ 0.03178]
 [ 0.03005]
 [ 0.02666]
 [-0.05855]
 [ 0.13711]
 [ 0.07876]
 [ 0.03381]
 [-0.0553 ]
 [ 0.11554]
 [ 0.06341]
 [-0.04278]
 [ 0.18502]
 [ 0.00857]], f(x) 5.723Iteration 4: X_New [[ 0.02934]
 [-0.02749]
 [ 0.08216]
 [-0.04427]
 [-0.0318 ]
 [-0.03389]
 [-0.03887]
 [ 0.12679]
 [ 0.0105 ]
 [ 0.0983 ]
 [-0.03751]
 [-0.03273]
 [ 0.10627]
 [ 0.138  ]
 [ 0.01723]
 [ 0.01197]
 [ 0.02292]
 [ 0.03688]
 [ 0.0609 ]
 [-0.11698]
 [ 0.04384]
 [ 0.03398]
 [ 0.02048]
 [-0.0587 ]
 [ 0.14415]
 [ 0.06878]
 [ 0.0306 ]
 [-0.06312]
 [ 0.10605]
 [ 0.08447]
 [-0.03643]
 [ 0.18597]
 [ 0.01009]], f(x) 5.6655Iteration 5: X_New [[ 0.03072]
 [-0.02558]
 [ 0.08398]
 [-0.04291]
 [-0.02993]
 [-0.03211]
 [-0.03801]
 [ 0.12912]
 [ 0.01234]
 [ 0.10072]
 [-0.03555]
 [-0.03111]
 [ 0.10804]
 [ 0.14028]
 [ 0.01906]
 [ 0.01326]
 [ 0.02536]
 [ 0.03845]
 [ 0.06336]
 [-0.11522]
 [ 0.04624]
 [ 0.03626]
 [ 0.02208]
 [-0.05681]
 [ 0.14646]
 [ 0.07037]
 [ 0.03287]
 [-0.06165]
 [ 0.10758]
 [ 0.0876 ]
 [-0.0342 ]
 [ 0.18815]
 [ 0.01199]], f(x) 5.609Iteration 6: X_New [[ 0.01872]
 [-0.02995]
 [ 0.08285]
 [-0.05169]
 [-0.03289]
 [-0.03478]
 [-0.05639]
 [ 0.13533]
 [ 0.0049 ]
 [ 0.10857]
 [-0.03965]
 [-0.03865]
 [ 0.101  ]
 [ 0.14597]
 [ 0.01842]
 [ 0.00064]
 [ 0.0308 ]
 [ 0.03309]
 [ 0.07178]
 [-0.12082]
 [ 0.05552]
 [ 0.03807]
 [ 0.01658]
 [-0.0597 ]
 [ 0.15391]
 [ 0.06304]
 [ 0.03326]
 [-0.0689 ]
 [ 0.10124]
 [ 0.10393]
 [-0.02979]
 [ 0.19063]
 [ 0.01322]], f(x) 5.575Iteration 7: X_New [[ 0.01987]
 [-0.0284 ]
 [ 0.08446]
 [-0.0505 ]
 [-0.03138]
 [-0.03337]
 [-0.05564]
 [ 0.13728]
 [ 0.0064 ]
 [ 0.1106 ]
 [-0.03811]
 [-0.0373 ]
 [ 0.10247]
 [ 0.14798]
 [ 0.01984]
 [ 0.00175]
 [ 0.03282]
 [ 0.03437]
 [ 0.07377]
 [-0.11953]
 [ 0.05748]
 [ 0.03989]
 [ 0.01789]
 [-0.05825]
 [ 0.15586]
 [ 0.06439]
 [ 0.03527]
 [-0.06772]
 [ 0.10255]
 [ 0.10646]
 [-0.02798]
 [ 0.19247]
 [ 0.01479]], f(x) 5.535Iteration 8: X_New [[ 0.00994]
 [-0.03258]
 [ 0.08534]
 [-0.05676]
 [-0.03443]
 [-0.0367 ]
 [-0.07041]
 [ 0.14296]
 [-0.00025]
 [ 0.1177 ]
 [-0.04293]
 [-0.04347]
 [ 0.09671]
 [ 0.15505]
 [ 0.01778]
 [-0.00797]
 [ 0.03745]
 [ 0.0297 ]
 [ 0.08025]
 [-0.12709]
 [ 0.06483]
 [ 0.04031]
 [ 0.01298]
 [-0.06262]
 [ 0.16296]
 [ 0.0588 ]
 [ 0.03795]
 [-0.07431]
 [ 0.09805]
 [ 0.11942]
 [-0.02486]
 [ 0.19532]
 [ 0.01592]], f(x) 5.5125Iteration 9: X_New [[ 0.01094]
 [-0.03125]
 [ 0.0868 ]
 [-0.05567]
 [-0.03314]
 [-0.03551]
 [-0.06972]
 [ 0.14465]
 [ 0.00104]
 [ 0.11947]
 [-0.04164]
 [-0.04229]
 [ 0.09798]
 [ 0.15687]
 [ 0.01896]
 [-0.00696]
 [ 0.0392 ]
 [ 0.0308 ]
 [ 0.08195]
 [-0.12606]
 [ 0.0665 ]
 [ 0.04184]
 [ 0.01411]
 [-0.06143]
 [ 0.16466]
 [ 0.05999]
 [ 0.03979]
 [-0.07329]
 [ 0.09921]
 [ 0.12158]
 [-0.02332]
 [ 0.19692]
 [ 0.01729]], f(x) 5.481Iteration 10: X_New [[ 0.00231]
 [-0.03504]
 [ 0.08863]
 [-0.06005]
 [-0.03614]
 [-0.03899]
 [-0.08184]
 [ 0.14957]
 [-0.00492]
 [ 0.1259 ]
 [-0.04656]
 [-0.04741]
 [ 0.09293]
 [ 0.16425]
 [ 0.01615]
 [-0.01457]
 [ 0.04321]
 [ 0.02651]
 [ 0.08719]
 [-0.13419]
 [ 0.0725 ]
 [ 0.0414 ]
 [ 0.00975]
 [-0.06641]
 [ 0.17103]
 [ 0.05558]
 [ 0.04383]
 [-0.07917]
 [ 0.09574]
 [ 0.13213]
 [-0.02106]
 [ 0.1995 ]
 [ 0.01842]], f(x) 5.465Iteration 11: X_New [[ 0.00318]
 [-0.03386]
 [ 0.08995]
 [-0.05903]
 [-0.03501]
 [-0.03795]
 [-0.0812 ]
 [ 0.15106]
 [-0.00378]
 [ 0.12748]
 [-0.04543]
 [-0.04635]
 [ 0.09405]
 [ 0.1659 ]
 [ 0.01716]
 [-0.01364]
 [ 0.04476]
 [ 0.02747]
 [ 0.08869]
 [-0.13332]
 [ 0.07397]
 [ 0.04273]
 [ 0.01075]
 [-0.0654 ]
 [ 0.17254]
 [ 0.05666]
 [ 0.04553]
 [-0.07827]
 [ 0.09678]
 [ 0.13402]
 [-0.01971]
 [ 0.20091]
 [ 0.01965]], f(x) 5.4395Iteration 12: X_New [[-0.0047 ]
 [-0.03724]
 [ 0.09217]
 [-0.06209]
 [-0.03791]
 [-0.04137]
 [-0.09146]
 [ 0.15528]
 [-0.00918]
 [ 0.13341]
 [-0.05016]
 [-0.05071]
 [ 0.08937]
 [ 0.17313]
 [ 0.01399]
 [-0.01978]
 [ 0.04834]
 [ 0.02336]
 [ 0.09319]
 [-0.1414 ]
 [ 0.0791 ]
 [ 0.04178]
 [ 0.00686]
 [-0.07056]
 [ 0.17817]
 [ 0.05303]
 [ 0.05038]
 [-0.08354]
 [ 0.09388]
 [ 0.14295]
 [-0.018  ]
 [ 0.203  ]
 [ 0.02086]], f(x) 5.427Iteration 13: X_New [[-0.00392]
 [-0.03617]
 [ 0.09338]
 [-0.06113]
 [-0.03689]
 [-0.04044]
 [-0.09085]
 [ 0.15661]
 [-0.00815]
 [ 0.13485]
 [-0.04915]
 [-0.04974]
 [ 0.09037]
 [ 0.17464]
 [ 0.01488]
 [-0.0189 ]
 [ 0.04974]
 [ 0.02421]
 [ 0.09454]
 [-0.14064]
 [ 0.08042]
 [ 0.04296]
 [ 0.00777]
 [-0.06967]
 [ 0.17953]
 [ 0.05402]
 [ 0.05197]
 [-0.08272]
 [ 0.09482]
 [ 0.14464]
 [-0.01679]
 [ 0.20426]
 [ 0.02198]], f(x) 5.406Iteration 14: X_New [[-0.01122]
 [-0.03909]
 [ 0.09564]
 [-0.06318]
 [-0.03962]
 [-0.04364]
 [-0.09956]
 [ 0.16015]
 [-0.01301]
 [ 0.14027]
 [-0.0535 ]
 [-0.05346]
 [ 0.08597]
 [ 0.18136]
 [ 0.0116 ]
 [-0.02386]
 [ 0.05293]
 [ 0.02024]
 [ 0.09849]
 [-0.14825]
 [ 0.08485]
 [ 0.04172]
 [ 0.00433]
 [-0.07472]
 [ 0.18439]
 [ 0.051  ]
 [ 0.05719]
 [-0.08738]
 [ 0.09228]
 [ 0.15226]
 [-0.01552]
 [ 0.20578]
 [ 0.02326]], f(x) 5.3965Iteration 15: X_New [[-0.01053]
 [-0.03811]
 [ 0.09675]
 [-0.06228]
 [-0.0387 ]
 [-0.0428 ]
 [-0.09899]
 [ 0.16135]
 [-0.01208]
 [ 0.14158]
 [-0.05258]
 [-0.05257]
 [ 0.08687]
 [ 0.18273]
 [ 0.01238]
 [-0.02304]
 [ 0.0542 ]
 [ 0.021  ]
 [ 0.09972]
 [-0.14757]
 [ 0.08605]
 [ 0.04277]
 [ 0.00516]
 [-0.07393]
 [ 0.18561]
 [ 0.05191]
 [ 0.05867]
 [-0.08664]
 [ 0.09314]
 [ 0.15378]
 [-0.01443]
 [ 0.2069 ]
 [ 0.02429]], f(x) 5.3785Iteration 16: X_New [[-0.01735]
 [-0.04061]
 [ 0.09887]
 [-0.06361]
 [-0.04124]
 [-0.04574]
 [-0.10643]
 [ 0.16429]
 [-0.01645]
 [ 0.14652]
 [-0.0565 ]
 [-0.05577]
 [ 0.08272]
 [ 0.18882]
 [ 0.00913]
 [-0.02708]
 [ 0.05704]
 [ 0.01717]
 [ 0.10326]
 [-0.15457]
 [ 0.08992]
 [ 0.04137]
 [ 0.00214]
 [-0.07873]
 [ 0.18977]
 [ 0.04937]
 [ 0.06401]
 [-0.09075]
 [ 0.09086]
 [ 0.16036]
 [-0.0135 ]
 [ 0.20788]
 [ 0.02562]], f(x) 5.371Iteration 17: X_New [[-0.01674]
 [-0.03971]
 [ 0.09988]
 [-0.06277]
 [-0.04041]
 [-0.04498]
 [-0.1059 ]
 [ 0.16537]
 [-0.0156 ]
 [ 0.14773]
 [-0.05566]
 [-0.05496]
 [ 0.08352]
 [ 0.19008]
 [ 0.00983]
 [-0.02632]
 [ 0.0582 ]
 [ 0.01784]
 [ 0.10439]
 [-0.15396]
 [ 0.09101]
 [ 0.04232]
 [ 0.0029 ]
 [-0.07802]
 [ 0.19088]
 [ 0.0502 ]
 [ 0.0654 ]
 [-0.09007]
 [ 0.09164]
 [ 0.16174]
 [-0.01252]
 [ 0.20888]
 [ 0.02657]], f(x) 5.356Iteration 18: X_New [[-2.3360e-02]
 [-4.1900e-02]
 [ 1.0188e-01]
 [-6.3590e-02]
 [-4.2830e-02]
 [-4.7740e-02]
 [-1.1251e-01]
 [ 1.6792e-01]
 [-1.9650e-02]
 [ 1.5241e-01]
 [-5.9260e-02]
 [-5.7800e-02]
 [ 7.9480e-02]
 [ 1.9573e-01]
 [ 6.5800e-03]
 [-2.9720e-02]
 [ 6.0840e-02]
 [ 1.4040e-02]
 [ 1.0772e-01]
 [-1.6054e-01]
 [ 9.4560e-02]
 [ 4.0820e-02]
 [ 1.7000e-04]
 [-8.2660e-02]
 [ 1.9459e-01]
 [ 4.7990e-02]
 [ 7.0880e-02]
 [-9.3820e-02]
 [ 8.9510e-02]
 [ 1.6769e-01]
 [-1.1820e-02]
 [ 2.0944e-01]
 [ 2.7990e-02]], f(x) 5.3495Iteration 19: X_New [[-0.02281]
 [-0.04105]
 [ 0.10282]
 [-0.06279]
 [-0.04206]
 [-0.04703]
 [-0.112  ]
 [ 0.16892]
 [-0.01886]
 [ 0.15353]
 [-0.05848]
 [-0.05704]
 [ 0.08022]
 [ 0.19689]
 [ 0.00722]
 [-0.02899]
 [ 0.06192]
 [ 0.01466]
 [ 0.10877]
 [-0.15997]
 [ 0.09557]
 [ 0.04169]
 [ 0.00088]
 [-0.08201]
 [ 0.19561]
 [ 0.04877]
 [ 0.07219]
 [-0.09318]
 [ 0.09023]
 [ 0.16896]
 [-0.01092]
 [ 0.21035]
 [ 0.02888]], f(x) 5.3365Iteration 20: X_New [[-0.02938]
 [-0.043  ]
 [ 0.10471]
 [-0.06322]
 [-0.0444 ]
 [-0.04965]
 [-0.11801]
 [ 0.1712 ]
 [-0.02268]
 [ 0.15807]
 [-0.06183]
 [-0.05963]
 [ 0.07622]
 [ 0.20221]
 [ 0.00395]
 [-0.03191]
 [ 0.06445]
 [ 0.01082]
 [ 0.112  ]
 [-0.16625]
 [ 0.09892]
 [ 0.04011]
 [-0.00163]
 [-0.08656]
 [ 0.199  ]
 [ 0.0468 ]
 [ 0.07786]
 [-0.09666]
 [ 0.08819]
 [ 0.1745 ]
 [-0.0104 ]
 [ 0.21056]
 [ 0.03041]], f(x) 5.331Iteration 21: X_New [[-0.02887]
 [-0.0422 ]
 [ 0.10559]
 [-0.06245]
 [-0.04367]
 [-0.04898]
 [-0.11751]
 [ 0.17213]
 [-0.02193]
 [ 0.15913]
 [-0.06109]
 [-0.0589 ]
 [ 0.07691]
 [ 0.20329]
 [ 0.00455]
 [-0.03121]
 [ 0.06546]
 [ 0.01139]
 [ 0.11299]
 [-0.16571]
 [ 0.09987]
 [ 0.04093]
 [-0.00096]
 [-0.08595]
 [ 0.19995]
 [ 0.04754]
 [ 0.07911]
 [-0.09605]
 [ 0.08887]
 [ 0.17569]
 [-0.00956]
 [ 0.2114 ]
 [ 0.03126]], f(x) 5.319Iteration 22: X_New [[-0.03532]
 [-0.04391]
 [ 0.10732]
 [-0.06257]
 [-0.0459 ]
 [-0.05144]
 [-0.12291]
 [ 0.17415]
 [-0.0255 ]
 [ 0.16346]
 [-0.06416]
 [-0.06124]
 [ 0.07301]
 [ 0.2082 ]
 [ 0.00131]
 [-0.03366]
 [ 0.06784]
 [ 0.00757]
 [ 0.11609]
 [-0.17162]
 [ 0.10299]
 [ 0.0393 ]
 [-0.00324]
 [-0.09035]
 [ 0.20302]
 [ 0.04582]
 [ 0.08482]
 [-0.09925]
 [ 0.08693]
 [ 0.1808 ]
 [-0.00923]
 [ 0.21129]
 [ 0.03285]], f(x) 5.3145Iteration 23: X_New [[-0.03485]
 [-0.04315]
 [ 0.10814]
 [-0.06183]
 [-0.04522]
 [-0.05081]
 [-0.12242]
 [ 0.17502]
 [-0.02479]
 [ 0.16445]
 [-0.06345]
 [-0.06055]
 [ 0.07366]
 [ 0.20921]
 [ 0.00187]
 [-0.03298]
 [ 0.06879]
 [ 0.0081 ]
 [ 0.11702]
 [-0.17111]
 [ 0.10388]
 [ 0.04006]
 [-0.0026 ]
 [-0.08978]
 [ 0.2039 ]
 [ 0.04653]
 [ 0.08601]
 [-0.09867]
 [ 0.08757]
 [ 0.18191]
 [-0.00845]
 [ 0.21206]
 [ 0.03365]], f(x) 5.304Iteration 24: X_New [[-0.04086]
 [-0.04458]
 [ 0.10959]
 [-0.06173]
 [-0.04724]
 [-0.05301]
 [-0.12703]
 [ 0.17669]
 [-0.02796]
 [ 0.16834]
 [-0.06613]
 [-0.06257]
 [ 0.07006]
 [ 0.21345]
 [-0.00117]
 [-0.03494]
 [ 0.07089]
 [ 0.0045 ]
 [ 0.11982]
 [-0.17639]
 [ 0.10662]
 [ 0.03848]
 [-0.00457]
 [-0.0938 ]
 [ 0.20652]
 [ 0.04508]
 [ 0.09137]
 [-0.10147]
 [ 0.0858 ]
 [ 0.18636]
 [-0.00831]
 [ 0.21167]
 [ 0.03517]], f(x) 5.3Iteration 25: X_New [[-0.04045]
 [-0.04388]
 [ 0.11034]
 [-0.06104]
 [-0.04662]
 [-0.05243]
 [-0.12658]
 [ 0.17748]
 [-0.02731]
 [ 0.16926]
 [-0.06548]
 [-0.06194]
 [ 0.07064]
 [ 0.21437]
 [-0.00067]
 [-0.03431]
 [ 0.07176]
 [ 0.00497]
 [ 0.12068]
 [-0.17593]
 [ 0.10743]
 [ 0.03917]
 [-0.00398]
 [-0.09328]
 [ 0.20733]
 [ 0.04573]
 [ 0.09248]
 [-0.10094]
 [ 0.08638]
 [ 0.18738]
 [-0.0076 ]
 [ 0.21237]
 [ 0.03591]], f(x) 5.291Iteration 26: X_New [[-0.04646]
 [-0.04516]
 [ 0.11167]
 [-0.06077]
 [-0.04857]
 [-0.05455]
 [-0.13083]
 [ 0.17903]
 [-0.03033]
 [ 0.17306]
 [-0.06798]
 [-0.06381]
 [ 0.06708]
 [ 0.21836]
 [-0.00372]
 [-0.03598]
 [ 0.07379]
 [ 0.00135]
 [ 0.12344]
 [-0.18101]
 [ 0.11007]
 [ 0.03755]
 [-0.0058 ]
 [-0.09724]
 [ 0.20979]
 [ 0.04443]
 [ 0.09791]
 [-0.10358]
 [ 0.08467]
 [ 0.19163]
 [-0.00759]
 [ 0.21177]
 [ 0.0375 ]], f(x) 5.288Iteration 27: X_New [[-0.04607]
 [-0.04448]
 [ 0.11238]
 [-0.06011]
 [-0.04797]
 [-0.054  ]
 [-0.13038]
 [ 0.17978]
 [-0.02971]
 [ 0.17393]
 [-0.06735]
 [-0.0632 ]
 [ 0.06764]
 [ 0.21923]
 [-0.00324]
 [-0.03537]
 [ 0.07462]
 [ 0.0018 ]
 [ 0.12426]
 [-0.18056]
 [ 0.11084]
 [ 0.03821]
 [-0.00523]
 [-0.09675]
 [ 0.21056]
 [ 0.04506]
 [ 0.09897]
 [-0.10307]
 [ 0.08523]
 [ 0.19259]
 [-0.00692]
 [ 0.21242]
 [ 0.03821]], f(x) 5.2795Iteration 28: X_New [[-0.05186]
 [-0.04559]
 [ 0.11353]
 [-0.05972]
 [-0.0498 ]
 [-0.05597]
 [-0.13416]
 [ 0.18115]
 [-0.03248]
 [ 0.17748]
 [-0.06961]
 [-0.06489]
 [ 0.06426]
 [ 0.22281]
 [-0.00618]
 [-0.03672]
 [ 0.07649]
 [-0.0017 ]
 [ 0.12687]
 [-0.18526]
 [ 0.11326]
 [ 0.03662]
 [-0.00685]
 [-0.10049]
 [ 0.21278]
 [ 0.04394]
 [ 0.10421]
 [-0.10547]
 [ 0.08363]
 [ 0.19647]
 [-0.00703]
 [ 0.21165]
 [ 0.03978]], f(x) 5.2765Iteration 29: X_New [[-0.05151]
 [-0.04495]
 [ 0.11419]
 [-0.05909]
 [-0.04924]
 [-0.05545]
 [-0.13373]
 [ 0.18185]
 [-0.03189]
 [ 0.1783 ]
 [-0.06902]
 [-0.06432]
 [ 0.06478]
 [ 0.22362]
 [-0.00574]
 [-0.03613]
 [ 0.07727]
 [-0.00129]
 [ 0.12764]
 [-0.18484]
 [ 0.11398]
 [ 0.03723]
 [-0.00632]
 [-0.10003]
 [ 0.2135 ]
 [ 0.04453]
 [ 0.10521]
 [-0.10499]
 [ 0.08415]
 [ 0.19737]
 [-0.00641]
 [ 0.21225]
 [ 0.04045]], f(x) 5.269Iteration 30: X_New [[-0.05717]
 [-0.04593]
 [ 0.1152 ]
 [-0.05861]
 [-0.05098]
 [-0.05731]
 [-0.13716]
 [ 0.18311]
 [-0.03448]
 [ 0.18167]
 [-0.0711 ]
 [-0.06587]
 [ 0.06152]
 [ 0.22689]
 [-0.00861]
 [-0.03723]
 [ 0.07903]
 [-0.00472]
 [ 0.13015]
 [-0.18928]
 [ 0.11625]
 [ 0.03565]
 [-0.00778]
 [-0.10363]
 [ 0.21555]
 [ 0.04355]
 [ 0.11034]
 [-0.10722]
 [ 0.08263]
 [ 0.201  ]
 [-0.00663]
 [ 0.21135]
 [ 0.04202]], f(x) 5.267Iteration 31: X_New [[-0.05684]
 [-0.04532]
 [ 0.11582]
 [-0.05801]
 [-0.05045]
 [-0.05682]
 [-0.13675]
 [ 0.18377]
 [-0.03392]
 [ 0.18244]
 [-0.07054]
 [-0.06532]
 [ 0.06201]
 [ 0.22765]
 [-0.0082 ]
 [-0.03666]
 [ 0.07977]
 [-0.00433]
 [ 0.13088]
 [-0.18888]
 [ 0.11693]
 [ 0.03623]
 [-0.00727]
 [-0.10319]
 [ 0.21623]
 [ 0.04412]
 [ 0.1113 ]
 [-0.10676]
 [ 0.08313]
 [ 0.20185]
 [-0.00604]
 [ 0.21191]
 [ 0.04266]], f(x) 5.26Iteration 32: X_New [[-0.06241]
 [-0.0462 ]
 [ 0.1167 ]
 [-0.05745]
 [-0.05211]
 [-0.0586 ]
 [-0.13988]
 [ 0.18495]
 [-0.03635]
 [ 0.18567]
 [-0.07246]
 [-0.06675]
 [ 0.05886]
 [ 0.23067]
 [-0.01102]
 [-0.03754]
 [ 0.08145]
 [-0.00771]
 [ 0.13331]
 [-0.1931 ]
 [ 0.11908]
 [ 0.03466]
 [-0.0086 ]
 [-0.10667]
 [ 0.21815]
 [ 0.04326]
 [ 0.11634]
 [-0.10884]
 [ 0.08167]
 [ 0.20529]
 [-0.00634]
 [ 0.21089]
 [ 0.04424]], f(x) 5.258Iteration 33: X_New [[-0.0621 ]
 [-0.04562]
 [ 0.11729]
 [-0.05688]
 [-0.0516 ]
 [-0.05813]
 [-0.13948]
 [ 0.18558]
 [-0.03581]
 [ 0.1864 ]
 [-0.07192]
 [-0.06623]
 [ 0.05933]
 [ 0.23138]
 [-0.01063]
 [-0.03699]
 [ 0.08215]
 [-0.00734]
 [ 0.134  ]
 [-0.19271]
 [ 0.11973]
 [ 0.03521]
 [-0.00811]
 [-0.10626]
 [ 0.21879]
 [ 0.0438 ]
 [ 0.11725]
 [-0.1084 ]
 [ 0.08214]
 [ 0.20609]
 [-0.00579]
 [ 0.21142]
 [ 0.04485]], f(x) 5.2515Iteration 34: X_New [[-0.06761]
 [-0.04641]
 [ 0.11806]
 [-0.05626]
 [-0.05319]
 [-0.05984]
 [-0.14237]
 [ 0.1867 ]
 [-0.03811]
 [ 0.18953]
 [-0.07371]
 [-0.06757]
 [ 0.05625]
 [ 0.23419]
 [-0.01343]
 [-0.03768]
 [ 0.08377]
 [-0.01069]
 [ 0.13639]
 [-0.19676]
 [ 0.12178]
 [ 0.03365]
 [-0.00933]
 [-0.10966]
 [ 0.22062]
 [ 0.04304]
 [ 0.12224]
 [-0.11036]
 [ 0.08073]
 [ 0.20938]
 [-0.00617]
 [ 0.2103 ]
 [ 0.04644]], f(x) 5.25Iteration 35: X_New [[-0.06732]
 [-0.04585]
 [ 0.11862]
 [-0.05571]
 [-0.0527 ]
 [-0.05939]
 [-0.14198]
 [ 0.1873 ]
 [-0.03759]
 [ 0.19023]
 [-0.07319]
 [-0.06707]
 [ 0.0567 ]
 [ 0.23487]
 [-0.01306]
 [-0.03715]
 [ 0.08444]
 [-0.01034]
 [ 0.13705]
 [-0.19638]
 [ 0.1224 ]
 [ 0.03417]
 [-0.00886]
 [-0.10926]
 [ 0.22123]
 [ 0.04356]
 [ 0.12312]
 [-0.10993]
 [ 0.08118]
 [ 0.21014]
 [-0.00565]
 [ 0.2108 ]
 [ 0.04703]], f(x) 5.244Iteration 36: X_New [[-0.07271]
 [-0.04656]
 [ 0.11927]
 [-0.05506]
 [-0.05421]
 [-0.06102]
 [-0.14462]
 [ 0.18836]
 [-0.03974]
 [ 0.19321]
 [-0.07485]
 [-0.06831]
 [ 0.05374]
 [ 0.23744]
 [-0.0158 ]
 [-0.03766]
 [ 0.08597]
 [-0.01361]
 [ 0.13935]
 [-0.20023]
 [ 0.12433]
 [ 0.03263]
 [-0.00996]
 [-0.11253]
 [ 0.22295]
 [ 0.04291]
 [ 0.12799]
 [-0.11176]
 [ 0.07984]
 [ 0.21325]
 [-0.0061 ]
 [ 0.20961]
 [ 0.04861]], f(x) 5.2425Iteration 37: X_New [[-0.07243]
 [-0.04602]
 [ 0.1198 ]
 [-0.05453]
 [-0.05375]
 [-0.06059]
 [-0.14424]
 [ 0.18893]
 [-0.03924]
 [ 0.19387]
 [-0.07435]
 [-0.06783]
 [ 0.05417]
 [ 0.23808]
 [-0.01545]
 [-0.03715]
 [ 0.0866 ]
 [-0.01328]
 [ 0.13998]
 [-0.19987]
 [ 0.12491]
 [ 0.03313]
 [-0.00951]
 [-0.11215]
 [ 0.22353]
 [ 0.04341]
 [ 0.12883]
 [-0.11135]
 [ 0.08027]
 [ 0.21398]
 [-0.0056 ]
 [ 0.21008]
 [ 0.04917]], f(x) 5.237Iteration 38: X_New [[-0.07763]
 [-0.04665]
 [ 0.12033]
 [-0.05387]
 [-0.05517]
 [-0.06213]
 [-0.14662]
 [ 0.18992]
 [-0.04122]
 [ 0.19666]
 [-0.07586]
 [-0.06897]
 [ 0.05136]
 [ 0.2404 ]
 [-0.01809]
 [-0.0375 ]
 [ 0.08803]
 [-0.01643]
 [ 0.14217]
 [-0.20347]
 [ 0.12671]
 [ 0.03163]
 [-0.01049]
 [-0.11526]
 [ 0.22513]
 [ 0.04285]
 [ 0.13349]
 [-0.11305]
 [ 0.079  ]
 [ 0.21688]
 [-0.0061 ]
 [ 0.20885]
 [ 0.0507 ]], f(x) 5.2355Iteration 39: X_New [[-0.07737]
 [-0.04614]
 [ 0.12082]
 [-0.05337]
 [-0.05473]
 [-0.06172]
 [-0.14625]
 [ 0.19046]
 [-0.04075]
 [ 0.19729]
 [-0.07539]
 [-0.06851]
 [ 0.05176]
 [ 0.241  ]
 [-0.01776]
 [-0.03701]
 [ 0.08863]
 [-0.01612]
 [ 0.14277]
 [-0.20313]
 [ 0.12726]
 [ 0.0321 ]
 [-0.01006]
 [-0.1149 ]
 [ 0.22568]
 [ 0.04333]
 [ 0.13428]
 [-0.11266]
 [ 0.07941]
 [ 0.21756]
 [-0.00563]
 [ 0.20929]
 [ 0.05123]], f(x) 5.231Iteration 40: X_New [[-0.08249]
 [-0.04671]
 [ 0.12127]
 [-0.0527 ]
 [-0.05608]
 [-0.06321]
 [-0.14845]
 [ 0.19142]
 [-0.0426 ]
 [ 0.19997]
 [-0.07681]
 [-0.06958]
 [ 0.04905]
 [ 0.24315]
 [-0.02036]
 [-0.03722]
 [ 0.09001]
 [-0.01921]
 [ 0.1449 ]
 [-0.20659]
 [ 0.12897]
 [ 0.03062]
 [-0.01095]
 [-0.11793]
 [ 0.22721]
 [ 0.04284]
 [ 0.13885]
 [-0.11426]
 [ 0.07819]
 [ 0.22035]
 [-0.00618]
 [ 0.20802]
 [ 0.05276]], f(x) 5.2295Iteration 41: X_New [[-0.08225]
 [-0.04622]
 [ 0.12174]
 [-0.05222]
 [-0.05566]
 [-0.06282]
 [-0.1481 ]
 [ 0.19194]
 [-0.04215]
 [ 0.20057]
 [-0.07635]
 [-0.06914]
 [ 0.04944]
 [ 0.24372]
 [-0.02004]
 [-0.03674]
 [ 0.09058]
 [-0.01891]
 [ 0.14547]
 [-0.20626]
 [ 0.1295 ]
 [ 0.03107]
 [-0.01053]
 [-0.11759]
 [ 0.22773]
 [ 0.0433 ]
 [ 0.13961]
 [-0.11389]
 [ 0.07858]
 [ 0.221  ]
 [-0.00574]
 [ 0.20844]
 [ 0.05327]], f(x) 5.225Iteration 42: X_New [[-0.08697]
 [-0.04673]
 [ 0.12207]
 [-0.0516 ]
 [-0.05688]
 [-0.06418]
 [-0.15002]
 [ 0.1928 ]
 [-0.04379]
 [ 0.20296]
 [-0.07761]
 [-0.0701 ]
 [ 0.04696]
 [ 0.24557]
 [-0.02245]
 [-0.03683]
 [ 0.0918 ]
 [-0.02176]
 [ 0.1474 ]
 [-0.20938]
 [ 0.13101]
 [ 0.02968]
 [-0.01129]
 [-0.12036]
 [ 0.22909]
 [ 0.04289]
 [ 0.14378]
 [-0.11532]
 [ 0.07746]
 [ 0.22349]
 [-0.00631]
 [ 0.2072 ]
 [ 0.05467]], f(x) 5.2245Iteration 43: X_New [[-0.08675]
 [-0.04627]
 [ 0.1225 ]
 [-0.05115]
 [-0.05649]
 [-0.06382]
 [-0.14969]
 [ 0.19328]
 [-0.04337]
 [ 0.20352]
 [-0.07718]
 [-0.06969]
 [ 0.04732]
 [ 0.2461 ]
 [-0.02216]
 [-0.03638]
 [ 0.09233]
 [-0.02149]
 [ 0.14793]
 [-0.20907]
 [ 0.1315 ]
 [ 0.03009]
 [-0.0109 ]
 [-0.12004]
 [ 0.22958]
 [ 0.04332]
 [ 0.14449]
 [-0.11497]
 [ 0.07782]
 [ 0.2241 ]
 [-0.0059 ]
 [ 0.20759]
 [ 0.05515]], f(x) 5.22Iteration 44: X_New [[-0.09133]
 [-0.04673]
 [ 0.12275]
 [-0.05054]
 [-0.05765]
 [-0.06512]
 [-0.15146]
 [ 0.19412]
 [-0.0449 ]
 [ 0.20579]
 [-0.07835]
 [-0.07058]
 [ 0.04495]
 [ 0.2478 ]
 [-0.02451]
 [-0.03637]
 [ 0.09349]
 [-0.02424]
 [ 0.14978]
 [-0.21204]
 [ 0.13292]
 [ 0.02874]
 [-0.01159]
 [-0.1227 ]
 [ 0.23087]
 [ 0.04297]
 [ 0.14852]
 [-0.11632]
 [ 0.07675]
 [ 0.22646]
 [-0.00649]
 [ 0.20634]
 [ 0.05652]], f(x) 5.2195Iteration 45: X_New [[-0.09112]
 [-0.0463 ]
 [ 0.12316]
 [-0.05011]
 [-0.05728]
 [-0.06477]
 [-0.15114]
 [ 0.19458]
 [-0.04449]
 [ 0.20632]
 [-0.07794]
 [-0.07019]
 [ 0.04529]
 [ 0.2483 ]
 [-0.02423]
 [-0.03594]
 [ 0.094  ]
 [-0.02398]
 [ 0.15029]
 [-0.21175]
 [ 0.13339]
 [ 0.02913]
 [-0.01122]
 [-0.1224 ]
 [ 0.23133]
 [ 0.04338]
 [ 0.1492 ]
 [-0.11599]
 [ 0.0771 ]
 [ 0.22704]
 [-0.0061 ]
 [ 0.20671]
 [ 0.05698]], f(x) 5.216Iteration 46: X_New [[-0.09545]
 [-0.04672]
 [ 0.12333]
 [-0.04953]
 [-0.05835]
 [-0.06599]
 [-0.15274]
 [ 0.19536]
 [-0.04587]
 [ 0.2084 ]
 [-0.07901]
 [-0.07101]
 [ 0.04308]
 [ 0.24981]
 [-0.02645]
 [-0.03585]
 [ 0.09507]
 [-0.02657]
 [ 0.15201]
 [-0.2145 ]
 [ 0.13469]
 [ 0.02785]
 [-0.01182]
 [-0.12489]
 [ 0.23252]
 [ 0.04308]
 [ 0.15297]
 [-0.11723]
 [ 0.07609]
 [ 0.22922]
 [-0.0067 ]
 [ 0.2055 ]
 [ 0.05827]], f(x) 5.215Iteration 47: X_New [[-0.09526]
 [-0.04631]
 [ 0.12371]
 [-0.04913]
 [-0.058  ]
 [-0.06567]
 [-0.15244]
 [ 0.19579]
 [-0.04548]
 [ 0.2089 ]
 [-0.07863]
 [-0.07064]
 [ 0.0434 ]
 [ 0.25028]
 [-0.02619]
 [-0.03544]
 [ 0.09555]
 [-0.02633]
 [ 0.15249]
 [-0.21422]
 [ 0.13513]
 [ 0.02822]
 [-0.01147]
 [-0.12461]
 [ 0.23296]
 [ 0.04347]
 [ 0.15361]
 [-0.11692]
 [ 0.07642]
 [ 0.22977]
 [-0.00634]
 [ 0.20584]
 [ 0.0587 ]], f(x) 5.212Iteration 48: X_New [[-0.09969]
 [-0.04671]
 [ 0.12385]
 [-0.04852]
 [-0.05906]
 [-0.06689]
 [-0.15399]
 [ 0.19661]
 [-0.04683]
 [ 0.211  ]
 [-0.07968]
 [-0.07144]
 [ 0.04117]
 [ 0.25176]
 [-0.02847]
 [-0.03526]
 [ 0.09664]
 [-0.02897]
 [ 0.15425]
 [-0.21698]
 [ 0.13644]
 [ 0.02691]
 [-0.01203]
 [-0.12713]
 [ 0.23418]
 [ 0.04321]
 [ 0.15748]
 [-0.11815]
 [ 0.0754 ]
 [ 0.23198]
 [-0.00697]
 [ 0.20457]
 [ 0.06005]], f(x) 5.2115Iteration 49: X_New [[-0.0995 ]
 [-0.04631]
 [ 0.12422]
 [-0.04813]
 [-0.05871]
 [-0.06657]
 [-0.15369]
 [ 0.19703]
 [-0.04645]
 [ 0.21148]
 [-0.0793 ]
 [-0.07108]
 [ 0.04149]
 [ 0.25221]
 [-0.02822]
 [-0.03485]
 [ 0.09711]
 [-0.02873]
 [ 0.15472]
 [-0.21671]
 [ 0.13687]
 [ 0.02727]
 [-0.01168]
 [-0.12685]
 [ 0.2346 ]
 [ 0.04359]
 [ 0.15811]
 [-0.11784]
 [ 0.07572]
 [ 0.23251]
 [-0.00662]
 [ 0.2049 ]
 [ 0.06047]], f(x) 5.208Iteration 50: X_New [[-0.10407]
 [-0.04669]
 [ 0.12432]
 [-0.04749]
 [-0.05977]
 [-0.06781]
 [-0.15521]
 [ 0.1979 ]
 [-0.04776]
 [ 0.21361]
 [-0.08034]
 [-0.07187]
 [ 0.03923]
 [ 0.25368]
 [-0.03057]
 [-0.03457]
 [ 0.09823]
 [-0.03144]
 [ 0.15654]
 [-0.21949]
 [ 0.13819]
 [ 0.02592]
 [-0.0122 ]
 [-0.12942]
 [ 0.23585]
 [ 0.04337]
 [ 0.1621 ]
 [-0.11907]
 [ 0.07469]
 [ 0.23477]
 [-0.00729]
 [ 0.20358]
 [ 0.06188]], f(x) 5.2075Iteration 51: X_New [[-0.10388]
 [-0.04629]
 [ 0.12468]
 [-0.0471 ]
 [-0.05943]
 [-0.06749]
 [-0.15491]
 [ 0.19832]
 [-0.04738]
 [ 0.21408]
 [-0.07996]
 [-0.07151]
 [ 0.03955]
 [ 0.25412]
 [-0.03032]
 [-0.03417]
 [ 0.09869]
 [-0.0312 ]
 [ 0.157  ]
 [-0.21921]
 [ 0.1386 ]
 [ 0.02628]
 [-0.01185]
 [-0.12914]
 [ 0.23627]
 [ 0.04375]
 [ 0.16271]
 [-0.11876]
 [ 0.07501]
 [ 0.23529]
 [-0.00694]
 [ 0.20391]
 [ 0.06229]], f(x) 5.2045Iteration 52: X_New [[-0.1077 ]
 [-0.04663]
 [ 0.12469]
 [-0.0466 ]
 [-0.06032]
 [-0.06854]
 [-0.15615]
 [ 0.19903]
 [-0.04845]
 [ 0.21579]
 [-0.08082]
 [-0.07218]
 [ 0.03767]
 [ 0.25525]
 [-0.03231]
 [-0.03389]
 [ 0.09958]
 [-0.03346]
 [ 0.15847]
 [-0.22151]
 [ 0.13965]
 [ 0.02513]
 [-0.01227]
 [-0.13129]
 [ 0.23727]
 [ 0.04357]
 [ 0.16597]
 [-0.11978]
 [ 0.07413]
 [ 0.23711]
 [-0.00754]
 [ 0.20276]
 [ 0.06345]], f(x) 5.204Iteration 53: X_New [[-0.10754]
 [-0.04628]
 [ 0.12501]
 [-0.04625]
 [-0.06001]
 [-0.06826]
 [-0.15588]
 [ 0.19941]
 [-0.04811]
 [ 0.21622]
 [-0.08049]
 [-0.07186]
 [ 0.03795]
 [ 0.25564]
 [-0.03209]
 [-0.03353]
 [ 0.09999]
 [-0.03325]
 [ 0.15888]
 [-0.22127]
 [ 0.14002]
 [ 0.02544]
 [-0.01196]
 [-0.13105]
 [ 0.23764]
 [ 0.04391]
 [ 0.16653]
 [-0.11951]
 [ 0.07441]
 [ 0.23758]
 [-0.00723]
 [ 0.20305]
 [ 0.06382]], f(x) 5.2015Iteration 54: X_New [[-0.11114]
 [-0.04659]
 [ 0.12498]
 [-0.04578]
 [-0.06083]
 [-0.06924]
 [-0.15701]
 [ 0.20008]
 [-0.04908]
 [ 0.21779]
 [-0.08129]
 [-0.07248]
 [ 0.03619]
 [ 0.25666]
 [-0.03397]
 [-0.03323]
 [ 0.10081]
 [-0.03538]
 [ 0.16025]
 [-0.22341]
 [ 0.14098]
 [ 0.02435]
 [-0.01233]
 [-0.13306]
 [ 0.23857]
 [ 0.04376]
 [ 0.16959]
 [-0.12045]
 [ 0.07357]
 [ 0.23927]
 [-0.00782]
 [ 0.20195]
 [ 0.06491]], f(x) 5.2015Iteration 55: X_New [[-0.11099]
 [-0.04626]
 [ 0.12528]
 [-0.04545]
 [-0.06054]
 [-0.06898]
 [-0.15676]
 [ 0.20044]
 [-0.04876]
 [ 0.21819]
 [-0.08098]
 [-0.07218]
 [ 0.03645]
 [ 0.25703]
 [-0.03377]
 [-0.03288]
 [ 0.1012 ]
 [-0.03519]
 [ 0.16064]
 [-0.22319]
 [ 0.14133]
 [ 0.02464]
 [-0.01204]
 [-0.13283]
 [ 0.23892]
 [ 0.04408]
 [ 0.17012]
 [-0.12019]
 [ 0.07383]
 [ 0.23971]
 [-0.00753]
 [ 0.20222]
 [ 0.06526]], f(x) 5.199Iteration 56: X_New [[-0.11471]
 [-0.04656]
 [ 0.12522]
 [-0.04496]
 [-0.06136]
 [-0.06998]
 [-0.15789]
 [ 0.20116]
 [-0.0497 ]
 [ 0.21979]
 [-0.08178]
 [-0.07279]
 [ 0.03466]
 [ 0.25805]
 [-0.03571]
 [-0.03251]
 [ 0.10205]
 [-0.03738]
 [ 0.16206]
 [-0.22536]
 [ 0.14232]
 [ 0.02352]
 [-0.01238]
 [-0.13489]
 [ 0.23989]
 [ 0.04395]
 [ 0.17328]
 [-0.12114]
 [ 0.07298]
 [ 0.24145]
 [-0.00814]
 [ 0.20108]
 [ 0.0664 ]], f(x) 5.1985Iteration 57: X_New [[-0.11456]
 [-0.04623]
 [ 0.12552]
 [-0.04464]
 [-0.06107]
 [-0.06972]
 [-0.15764]
 [ 0.20151]
 [-0.04938]
 [ 0.22018]
 [-0.08147]
 [-0.07249]
 [ 0.03492]
 [ 0.25841]
 [-0.03551]
 [-0.03217]
 [ 0.10243]
 [-0.03719]
 [ 0.16244]
 [-0.22513]
 [ 0.14267]
 [ 0.02381]
 [-0.01209]
 [-0.13466]
 [ 0.24024]
 [ 0.04427]
 [ 0.17379]
 [-0.12089]
 [ 0.07324]
 [ 0.24188]
 [-0.00785]
 [ 0.20135]
 [ 0.06675]], f(x) 5.1965Iteration 58: X_New [[-0.11815]
 [-0.04652]
 [ 0.12543]
 [-0.04417]
 [-0.06185]
 [-0.07068]
 [-0.15869]
 [ 0.20221]
 [-0.05025]
 [ 0.22169]
 [-0.08222]
 [-0.07307]
 [ 0.03321]
 [ 0.25936]
 [-0.0374 ]
 [-0.03176]
 [ 0.10324]
 [-0.03929]
 [ 0.1638 ]
 [-0.2272 ]
 [ 0.1436 ]
 [ 0.02272]
 [-0.01239]
 [-0.13663]
 [ 0.24116]
 [ 0.04416]
 [ 0.17682]
 [-0.12179]
 [ 0.07242]
 [ 0.24355]
 [-0.00846]
 [ 0.20024]
 [ 0.06786]], f(x) 5.1965Iteration 59: X_New [[-0.11801]
 [-0.0462 ]
 [ 0.12571]
 [-0.04386]
 [-0.06158]
 [-0.07043]
 [-0.15845]
 [ 0.20255]
 [-0.04994]
 [ 0.22206]
 [-0.08192]
 [-0.07278]
 [ 0.03346]
 [ 0.2597 ]
 [-0.03721]
 [-0.03143]
 [ 0.1036 ]
 [-0.03911]
 [ 0.16417]
 [-0.22698]
 [ 0.14393]
 [ 0.023  ]
 [-0.01211]
 [-0.13641]
 [ 0.24149]
 [ 0.04446]
 [ 0.17731]
 [-0.12155]
 [ 0.07267]
 [ 0.24396]
 [-0.00819]
 [ 0.2005 ]
 [ 0.06819]], f(x) 5.194Iteration 60: X_New [[-0.12168]
 [-0.04648]
 [ 0.12559]
 [-0.04338]
 [-0.06235]
 [-0.07139]
 [-0.15949]
 [ 0.20329]
 [-0.05078]
 [ 0.22358]
 [-0.08267]
 [-0.07335]
 [ 0.03173]
 [ 0.26065]
 [-0.03914]
 [-0.03095]
 [ 0.10443]
 [-0.04125]
 [ 0.16557]
 [-0.22907]
 [ 0.14487]
 [ 0.02189]
 [-0.01238]
 [-0.13841]
 [ 0.24244]
 [ 0.04438]
 [ 0.18042]
 [-0.12246]
 [ 0.07183]
 [ 0.24566]
 [-0.00882]
 [ 0.19936]
 [ 0.06934]], f(x) 5.194Iteration 61: X_New [[-0.12153]
 [-0.04617]
 [ 0.12587]
 [-0.04308]
 [-0.06208]
 [-0.07114]
 [-0.15925]
 [ 0.20362]
 [-0.05048]
 [ 0.22394]
 [-0.08237]
 [-0.07307]
 [ 0.03198]
 [ 0.26098]
 [-0.03895]
 [-0.03062]
 [ 0.10479]
 [-0.04107]
 [ 0.16593]
 [-0.22885]
 [ 0.14519]
 [ 0.02217]
 [-0.0121 ]
 [-0.13819]
 [ 0.24276]
 [ 0.04468]
 [ 0.1809 ]
 [-0.12222]
 [ 0.07208]
 [ 0.24606]
 [-0.00855]
 [ 0.19961]
 [ 0.06967]], f(x) 5.192Iteration 62: X_New [[-0.12473]
 [-0.04643]
 [ 0.12572]
 [-0.04268]
 [-0.06275]
 [-0.07199]
 [-0.16014]
 [ 0.20426]
 [-0.05118]
 [ 0.22522]
 [-0.08302]
 [-0.07357]
 [ 0.03048]
 [ 0.26175]
 [-0.04065]
 [-0.03018]
 [ 0.10549]
 [-0.04293]
 [ 0.16711]
 [-0.23065]
 [ 0.14597]
 [ 0.02119]
 [-0.01233]
 [-0.13993]
 [ 0.24356]
 [ 0.04461]
 [ 0.18357]
 [-0.12301]
 [ 0.07133]
 [ 0.24751]
 [-0.00912]
 [ 0.1986 ]
 [ 0.07066]], f(x) 5.192Iteration 63: X_New [[-0.12461]
 [-0.04615]
 [ 0.12597]
 [-0.0424 ]
 [-0.0625 ]
 [-0.07177]
 [-0.15992]
 [ 0.20456]
 [-0.0509 ]
 [ 0.22555]
 [-0.08275]
 [-0.07331]
 [ 0.0307 ]
 [ 0.26206]
 [-0.04048]
 [-0.02988]
 [ 0.10582]
 [-0.04277]
 [ 0.16744]
 [-0.23045]
 [ 0.14626]
 [ 0.02144]
 [-0.01208]
 [-0.13974]
 [ 0.24386]
 [ 0.04488]
 [ 0.18401]
 [-0.12279]
 [ 0.07155]
 [ 0.24788]
 [-0.00888]
 [ 0.19883]
 [ 0.07096]], f(x) 5.19Iteration 64: X_New [[-0.12781]
 [-0.0464 ]
 [ 0.1258 ]
 [-0.042  ]
 [-0.06315]
 [-0.07261]
 [-0.1608 ]
 [ 0.20522]
 [-0.05156]
 [ 0.22681]
 [-0.08339]
 [-0.07379]
 [ 0.02921]
 [ 0.26282]
 [-0.04219]
 [-0.0294 ]
 [ 0.10652]
 [-0.04462]
 [ 0.16863]
 [-0.23224]
 [ 0.14704]
 [ 0.02046]
 [-0.01228]
 [-0.14147]
 [ 0.24467]
 [ 0.04483]
 [ 0.18669]
 [-0.12357]
 [ 0.0708 ]
 [ 0.24933]
 [-0.00945]
 [ 0.19782]
 [ 0.07196]], f(x) 5.19Iteration 65: X_New [[-0.12769]
 [-0.04613]
 [ 0.12604]
 [-0.04173]
 [-0.06291]
 [-0.07239]
 [-0.16059]
 [ 0.20551]
 [-0.05129]
 [ 0.22713]
 [-0.08313]
 [-0.07354]
 [ 0.02943]
 [ 0.26311]
 [-0.04202]
 [-0.02911]
 [ 0.10683]
 [-0.04446]
 [ 0.16895]
 [-0.23205]
 [ 0.14732]
 [ 0.0207 ]
 [-0.01203]
 [-0.14128]
 [ 0.24496]
 [ 0.0451 ]
 [ 0.18712]
 [-0.12336]
 [ 0.07102]
 [ 0.24969]
 [-0.00922]
 [ 0.19804]
 [ 0.07225]], f(x) 5.1885Iteration 66: X_New [[-0.13084]
 [-0.04637]
 [ 0.12584]
 [-0.04134]
 [-0.06354]
 [-0.07321]
 [-0.16143]
 [ 0.20618]
 [-0.0519 ]
 [ 0.22835]
 [-0.08375]
 [-0.074  ]
 [ 0.02798]
 [ 0.26383]
 [-0.04371]
 [-0.0286 ]
 [ 0.10752]
 [-0.04627]
 [ 0.17011]
 [-0.23378]
 [ 0.14807]
 [ 0.01974]
 [-0.01221]
 [-0.14297]
 [ 0.24575]
 [ 0.04506]
 [ 0.18974]
 [-0.12411]
 [ 0.07028]
 [ 0.25111]
 [-0.00979]
 [ 0.19704]
 [ 0.07324]], f(x) 5.1885Iteration 67: X_New [[-0.13072]
 [-0.0461 ]
 [ 0.12607]
 [-0.04108]
 [-0.06331]
 [-0.073  ]
 [-0.16122]
 [ 0.20646]
 [-0.05164]
 [ 0.22866]
 [-0.0835 ]
 [-0.07376]
 [ 0.02819]
 [ 0.26411]
 [-0.04355]
 [-0.02832]
 [ 0.10782]
 [-0.04611]
 [ 0.17042]
 [-0.23359]
 [ 0.14834]
 [ 0.01997]
 [-0.01197]
 [-0.14279]
 [ 0.24603]
 [ 0.04532]
 [ 0.19015]
 [-0.1239 ]
 [ 0.07049]
 [ 0.25145]
 [-0.00956]
 [ 0.19725]
 [ 0.07352]], f(x) 5.1865Iteration 68: X_New [[-0.13408]
 [-0.04634]
 [ 0.12585]
 [-0.04066]
 [-0.06396]
 [-0.07386]
 [-0.1621 ]
 [ 0.20721]
 [-0.05224]
 [ 0.22996]
 [-0.08414]
 [-0.07423]
 [ 0.02666]
 [ 0.26488]
 [-0.04536]
 [-0.02772]
 [ 0.10857]
 [-0.04804]
 [ 0.17167]
 [-0.23542]
 [ 0.14915]
 [ 0.01895]
 [-0.01212]
 [-0.14458]
 [ 0.24689]
 [ 0.0453 ]
 [ 0.19298]
 [-0.12469]
 [ 0.0697 ]
 [ 0.25298]
 [-0.01017]
 [ 0.19619]
 [ 0.0746 ]], f(x) 5.1865Iteration 69: X_New [[-0.13395]
 [-0.04607]
 [ 0.12608]
 [-0.0404 ]
 [-0.06372]
 [-0.07365]
 [-0.16189]
 [ 0.20749]
 [-0.05197]
 [ 0.23026]
 [-0.08388]
 [-0.07399]
 [ 0.02688]
 [ 0.26516]
 [-0.0452 ]
 [-0.02744]
 [ 0.10887]
 [-0.04788]
 [ 0.17197]
 [-0.23523]
 [ 0.14942]
 [ 0.01919]
 [-0.01188]
 [-0.14439]
 [ 0.24717]
 [ 0.04556]
 [ 0.19338]
 [-0.12448]
 [ 0.06991]
 [ 0.25332]
 [-0.00994]
 [ 0.19641]
 [ 0.07488]], f(x) 5.185Iteration 70: X_New [[-0.1372 ]
 [-0.0463 ]
 [ 0.12584]
 [-0.04   ]
 [-0.06433]
 [-0.07448]
 [-0.16272]
 [ 0.20823]
 [-0.05251]
 [ 0.23149]
 [-0.08449]
 [-0.07444]
 [ 0.02542]
 [ 0.26588]
 [-0.04695]
 [-0.02682]
 [ 0.10959]
 [-0.04973]
 [ 0.17318]
 [-0.23697]
 [ 0.15018]
 [ 0.0182 ]
 [-0.012  ]
 [-0.14611]
 [ 0.24799]
 [ 0.04555]
 [ 0.1961 ]
 [-0.12524]
 [ 0.06914]
 [ 0.25478]
 [-0.01053]
 [ 0.19539]
 [ 0.07593]], f(x) 5.185Iteration 71: X_New [[-0.13708]
 [-0.04605]
 [ 0.12606]
 [-0.03976]
 [-0.06411]
 [-0.07428]
 [-0.16252]
 [ 0.2085 ]
 [-0.05225]
 [ 0.23178]
 [-0.08425]
 [-0.07421]
 [ 0.02563]
 [ 0.26615]
 [-0.04679]
 [-0.02655]
 [ 0.10988]
 [-0.04957]
 [ 0.17347]
 [-0.23679]
 [ 0.15044]
 [ 0.01843]
 [-0.01177]
 [-0.14593]
 [ 0.24825]
 [ 0.0458 ]
 [ 0.19648]
 [-0.12504]
 [ 0.06934]
 [ 0.2551 ]
 [-0.01031]
 [ 0.1956 ]
 [ 0.0762 ]], f(x) 5.1835Iteration 72: X_New [[-0.14024]
 [-0.04628]
 [ 0.1258 ]
 [-0.03937]
 [-0.06469]
 [-0.07508]
 [-0.16332]
 [ 0.20923]
 [-0.05274]
 [ 0.23295]
 [-0.08483]
 [-0.07463]
 [ 0.02422]
 [ 0.26683]
 [-0.04851]
 [-0.02592]
 [ 0.11057]
 [-0.05136]
 [ 0.17463]
 [-0.23846]
 [ 0.15117]
 [ 0.01747]
 [-0.01186]
 [-0.14759]
 [ 0.24905]
 [ 0.04581]
 [ 0.19912]
 [-0.12577]
 [ 0.06859]
 [ 0.25652]
 [-0.01089]
 [ 0.19461]
 [ 0.07723]], f(x) 5.1835Iteration 73: X_New [[-0.14012]
 [-0.04604]
 [ 0.12601]
 [-0.03914]
 [-0.06447]
 [-0.07489]
 [-0.16313]
 [ 0.20949]
 [-0.05249]
 [ 0.23322]
 [-0.0846 ]
 [-0.07441]
 [ 0.02442]
 [ 0.26708]
 [-0.04836]
 [-0.02566]
 [ 0.11084]
 [-0.05121]
 [ 0.1749 ]
 [-0.23828]
 [ 0.15142]
 [ 0.01769]
 [-0.01164]
 [-0.14742]
 [ 0.2493 ]
 [ 0.04605]
 [ 0.19949]
 [-0.12558]
 [ 0.06878]
 [ 0.25683]
 [-0.01068]
 [ 0.19481]
 [ 0.07748]], f(x) 5.1825Iteration 74: X_New [[-0.14348]
 [-0.04626]
 [ 0.12572]
 [-0.03872]
 [-0.06506]
 [-0.07573]
 [-0.16396]
 [ 0.2103 ]
 [-0.05295]
 [ 0.23445]
 [-0.08521]
 [-0.07484]
 [ 0.02294]
 [ 0.2678 ]
 [-0.05019]
 [-0.02493]
 [ 0.11159]
 [-0.0531 ]
 [ 0.17615]
 [-0.24004]
 [ 0.1522 ]
 [ 0.01667]
 [-0.01171]
 [-0.14917]
 [ 0.25016]
 [ 0.04608]
 [ 0.20231]
 [-0.12634]
 [ 0.06798]
 [ 0.25835]
 [-0.01129]
 [ 0.19376]
 [ 0.0786 ]], f(x) 5.1825Iteration 75: X_New [[-0.14335]
 [-0.04602]
 [ 0.12593]
 [-0.03849]
 [-0.06484]
 [-0.07553]
 [-0.16377]
 [ 0.21056]
 [-0.0527 ]
 [ 0.23472]
 [-0.08498]
 [-0.07462]
 [ 0.02314]
 [ 0.26805]
 [-0.05004]
 [-0.02467]
 [ 0.11186]
 [-0.05295]
 [ 0.17642]
 [-0.23986]
 [ 0.15244]
 [ 0.01689]
 [-0.01149]
 [-0.14899]
 [ 0.25041]
 [ 0.04632]
 [ 0.20267]
 [-0.12615]
 [ 0.06817]
 [ 0.25866]
 [-0.01108]
 [ 0.19396]
 [ 0.07885]], f(x) 5.181Iteration 76: X_New [[-0.14684]
 [-0.04624]
 [ 0.1256 ]
 [-0.03805]
 [-0.06543]
 [-0.07639]
 [-0.16461]
 [ 0.21144]
 [-0.05312]
 [ 0.23598]
 [-0.08559]
 [-0.07504]
 [ 0.02163]
 [ 0.26879]
 [-0.05195]
 [-0.02386]
 [ 0.11265]
 [-0.0549 ]
 [ 0.17772]
 [-0.24166]
 [ 0.15325]
 [ 0.01584]
 [-0.01152]
 [-0.15079]
 [ 0.25131]
 [ 0.04637]
 [ 0.20561]
 [-0.12692]
 [ 0.06733]
 [ 0.26024]
 [-0.01172]
 [ 0.19288]
 [ 0.08003]], f(x) 5.181Iteration 77: X_New [[-0.14671]
 [-0.046  ]
 [ 0.1258 ]
 [-0.03782]
 [-0.06522]
 [-0.0762 ]
 [-0.16442]
 [ 0.21169]
 [-0.05287]
 [ 0.23624]
 [-0.08536]
 [-0.07482]
 [ 0.02183]
 [ 0.26903]
 [-0.0518 ]
 [-0.02361]
 [ 0.11292]
 [-0.05475]
 [ 0.17798]
 [-0.24148]
 [ 0.15349]
 [ 0.01605]
 [-0.0113 ]
 [-0.15061]
 [ 0.25155]
 [ 0.0466 ]
 [ 0.20596]
 [-0.12673]
 [ 0.06752]
 [ 0.26054]
 [-0.01152]
 [ 0.19308]
 [ 0.08027]], f(x) 5.1795Iteration 78: X_New [[-0.15046]
 [-0.04622]
 [ 0.12542]
 [-0.03734]
 [-0.06582]
 [-0.0771 ]
 [-0.16531]
 [ 0.21268]
 [-0.05325]
 [ 0.23758]
 [-0.086  ]
 [-0.07525]
 [ 0.02023]
 [ 0.26982]
 [-0.05387]
 [-0.02268]
 [ 0.11378]
 [-0.05682]
 [ 0.17939]
 [-0.24339]
 [ 0.15436]
 [ 0.01494]
 [-0.01129]
 [-0.15253]
 [ 0.25254]
 [ 0.04669]
 [ 0.20914]
 [-0.12755]
 [ 0.06661]
 [ 0.26225]
 [-0.0122 ]
 [ 0.19193]
 [ 0.08157]], f(x) 5.18Iteration 79: X_New [[-0.15032]
 [-0.04598]
 [ 0.12562]
 [-0.03712]
 [-0.06561]
 [-0.07691]
 [-0.16512]
 [ 0.21293]
 [-0.053  ]
 [ 0.23784]
 [-0.08577]
 [-0.07503]
 [ 0.02043]
 [ 0.27006]
 [-0.05371]
 [-0.02243]
 [ 0.11404]
 [-0.05666]
 [ 0.17965]
 [-0.24321]
 [ 0.15459]
 [ 0.01516]
 [-0.01107]
 [-0.15235]
 [ 0.25278]
 [ 0.04692]
 [ 0.20948]
 [-0.12736]
 [ 0.0668 ]
 [ 0.26254]
 [-0.012  ]
 [ 0.19213]
 [ 0.08181]], f(x) 5.1785Iteration 80: X_New [[-0.15399]
 [-0.0462 ]
 [ 0.12522]
 [-0.03666]
 [-0.06618]
 [-0.07778]
 [-0.16598]
 [ 0.21393]
 [-0.05331]
 [ 0.23912]
 [-0.08639]
 [-0.07543]
 [ 0.01889]
 [ 0.27081]
 [-0.05575]
 [-0.02147]
 [ 0.11489]
 [-0.05867]
 [ 0.18102]
 [-0.24505]
 [ 0.15542]
 [ 0.01407]
 [-0.01103]
 [-0.15421]
 [ 0.25374]
 [ 0.04702]
 [ 0.21259]
 [-0.12815]
 [ 0.0659 ]
 [ 0.26421]
 [-0.01266]
 [ 0.19102]
 [ 0.0831 ]], f(x) 5.1785Iteration 81: X_New [[-0.15386]
 [-0.04598]
 [ 0.12541]
 [-0.03645]
 [-0.06598]
 [-0.0776 ]
 [-0.1658 ]
 [ 0.21417]
 [-0.05307]
 [ 0.23936]
 [-0.08617]
 [-0.07522]
 [ 0.01908]
 [ 0.27104]
 [-0.0556 ]
 [-0.02123]
 [ 0.11514]
 [-0.05852]
 [ 0.18126]
 [-0.24487]
 [ 0.15564]
 [ 0.01427]
 [-0.01082]
 [-0.15404]
 [ 0.25396]
 [ 0.04724]
 [ 0.21291]
 [-0.12797]
 [ 0.06608]
 [ 0.26448]
 [-0.01247]
 [ 0.19121]
 [ 0.08333]], f(x) 5.1775Iteration 82: X_New [[-0.15719]
 [-0.04618]
 [ 0.125  ]
 [-0.03605]
 [-0.06648]
 [-0.07839]
 [-0.16659]
 [ 0.2151 ]
 [-0.05329]
 [ 0.24049]
 [-0.08673]
 [-0.07558]
 [ 0.01769]
 [ 0.2717 ]
 [-0.05748]
 [-0.02031]
 [ 0.1159 ]
 [-0.06034]
 [ 0.18249]
 [-0.24652]
 [ 0.15638]
 [ 0.01327]
 [-0.01076]
 [-0.15572]
 [ 0.25483]
 [ 0.04734]
 [ 0.21573]
 [-0.12869]
 [ 0.06523]
 [ 0.26599]
 [-0.01308]
 [ 0.1902 ]
 [ 0.0845 ]], f(x) 5.1775Iteration 83: X_New [[-0.15707]
 [-0.04598]
 [ 0.12517]
 [-0.03586]
 [-0.06629]
 [-0.07822]
 [-0.16642]
 [ 0.21532]
 [-0.05307]
 [ 0.24071]
 [-0.08653]
 [-0.07539]
 [ 0.01787]
 [ 0.27191]
 [-0.05735]
 [-0.02009]
 [ 0.11612]
 [-0.0602 ]
 [ 0.18271]
 [-0.24636]
 [ 0.15658]
 [ 0.01346]
 [-0.01057]
 [-0.15556]
 [ 0.25503]
 [ 0.04754]
 [ 0.21602]
 [-0.12853]
 [ 0.06539]
 [ 0.26624]
 [-0.0129 ]
 [ 0.19037]
 [ 0.08471]], f(x) 5.1765Iteration 84: X_New [[-0.15929]
 [-0.04614]
 [ 0.12485]
 [-0.03563]
 [-0.06664]
 [-0.07877]
 [-0.16696]
 [ 0.21592]
 [-0.05321]
 [ 0.2414 ]
 [-0.08693]
 [-0.07565]
 [ 0.01693]
 [ 0.27231]
 [-0.05863]
 [-0.01949]
 [ 0.11659]
 [-0.06142]
 [ 0.18349]
 [-0.24747]
 [ 0.15704]
 [ 0.01278]
 [-0.01054]
 [-0.15669]
 [ 0.25557]
 [ 0.04759]
 [ 0.21784]
 [-0.12903]
 [ 0.06479]
 [ 0.26719]
 [-0.01334]
 [ 0.18968]
 [ 0.08547]], f(x) 5.1765Iteration 85: X_New [[-0.15921]
 [-0.04598]
 [ 0.12499]
 [-0.03548]
 [-0.06649]
 [-0.07864]
 [-0.16683]
 [ 0.2161 ]
 [-0.05304]
 [ 0.24158]
 [-0.08677]
 [-0.0755 ]
 [ 0.01707]
 [ 0.27248]
 [-0.05853]
 [-0.01931]
 [ 0.11677]
 [-0.06132]
 [ 0.18367]
 [-0.24735]
 [ 0.1572 ]
 [ 0.01293]
 [-0.01039]
 [-0.15657]
 [ 0.25574]
 [ 0.04775]
 [ 0.21808]
 [-0.1289 ]
 [ 0.06492]
 [ 0.2674 ]
 [-0.0132 ]
 [ 0.18981]
 [ 0.08564]], f(x) 5.176Iteration 86: X_New [[-0.16126]
 [-0.04613]
 [ 0.12468]
 [-0.03527]
 [-0.06681]
 [-0.07914]
 [-0.16734]
 [ 0.21666]
 [-0.05315]
 [ 0.2422 ]
 [-0.08714]
 [-0.07574]
 [ 0.01621]
 [ 0.27284]
 [-0.05972]
 [-0.01874]
 [ 0.1172 ]
 [-0.06244]
 [ 0.18438]
 [-0.24837]
 [ 0.15761]
 [ 0.01229]
 [-0.01035]
 [-0.15761]
 [ 0.25623]
 [ 0.04779]
 [ 0.21975]
 [-0.12936]
 [ 0.06436]
 [ 0.26827]
 [-0.01361]
 [ 0.18917]
 [ 0.08634]], f(x) 5.176Iteration 87: X_New [[-0.16118]
 [-0.04598]
 [ 0.12481]
 [-0.03513]
 [-0.06667]
 [-0.07902]
 [-0.16722]
 [ 0.21683]
 [-0.05299]
 [ 0.24237]
 [-0.08699]
 [-0.0756 ]
 [ 0.01634]
 [ 0.273  ]
 [-0.05963]
 [-0.01857]
 [ 0.11737]
 [-0.06234]
 [ 0.18455]
 [-0.24826]
 [ 0.15776]
 [ 0.01243]
 [-0.01021]
 [-0.1575 ]
 [ 0.25639]
 [ 0.04794]
 [ 0.21998]
 [-0.12924]
 [ 0.06448]
 [ 0.26846]
 [-0.01348]
 [ 0.1893 ]
 [ 0.0865 ]], f(x) 5.1755Iteration 88: X_New [[-0.16284]
 [-0.04611]
 [ 0.12454]
 [-0.03497]
 [-0.06693]
 [-0.07943]
 [-0.16764]
 [ 0.21728]
 [-0.05307]
 [ 0.24285]
 [-0.0873 ]
 [-0.0758 ]
 [ 0.01564]
 [ 0.27328]
 [-0.0606 ]
 [-0.01812]
 [ 0.1177 ]
 [-0.06325]
 [ 0.18511]
 [-0.24908]
 [ 0.15808]
 [ 0.01191]
 [-0.01018]
 [-0.15834]
 [ 0.25677]
 [ 0.04797]
 [ 0.22131]
 [-0.12962]
 [ 0.06401]
 [ 0.26915]
 [-0.01382]
 [ 0.18878]
 [ 0.08705]], f(x) 5.1755Iteration 89: X_New [[-0.16278]
 [-0.04598]
 [ 0.12465]
 [-0.03484]
 [-0.06681]
 [-0.07932]
 [-0.16754]
 [ 0.21743]
 [-0.05293]
 [ 0.243  ]
 [-0.08717]
 [-0.07568]
 [ 0.01575]
 [ 0.27342]
 [-0.06052]
 [-0.01797]
 [ 0.11785]
 [-0.06317]
 [ 0.18526]
 [-0.24898]
 [ 0.15821]
 [ 0.01203]
 [-0.01006]
 [-0.15825]
 [ 0.25691]
 [ 0.0481 ]
 [ 0.22151]
 [-0.12952]
 [ 0.06411]
 [ 0.26932]
 [-0.01371]
 [ 0.18889]
 [ 0.08719]], f(x) 5.175Iteration 90: X_New [[-0.16414]
 [-0.0461 ]
 [ 0.12441]
 [-0.03473]
 [-0.06703]
 [-0.07967]
 [-0.16789]
 [ 0.21779]
 [-0.053  ]
 [ 0.24337]
 [-0.08743]
 [-0.07585]
 [ 0.01517]
 [ 0.27363]
 [-0.06132]
 [-0.0176 ]
 [ 0.11811]
 [-0.06392]
 [ 0.1857 ]
 [-0.24966]
 [ 0.15846]
 [ 0.01159]
 [-0.01004]
 [-0.15894]
 [ 0.25721]
 [ 0.04812]
 [ 0.22258]
 [-0.12984]
 [ 0.06372]
 [ 0.26987]
 [-0.01399]
 [ 0.18846]
 [ 0.08764]], f(x) 5.175Iteration 91: X_New [[-0.16409]
 [-0.04598]
 [ 0.12451]
 [-0.03462]
 [-0.06692]
 [-0.07958]
 [-0.1678 ]
 [ 0.21792]
 [-0.05287]
 [ 0.2435 ]
 [-0.08732]
 [-0.07574]
 [ 0.01526]
 [ 0.27375]
 [-0.06126]
 [-0.01746]
 [ 0.11825]
 [-0.06385]
 [ 0.18584]
 [-0.24958]
 [ 0.15858]
 [ 0.01169]
 [-0.00993]
 [-0.15886]
 [ 0.25733]
 [ 0.04824]
 [ 0.22277]
 [-0.12975]
 [ 0.06381]
 [ 0.27002]
 [-0.01389]
 [ 0.18855]
 [ 0.08777]], f(x) 5.1745Iteration 92: X_New [[-0.16557]
 [-0.0461 ]
 [ 0.12425]
 [-0.03449]
 [-0.06715]
 [-0.07995]
 [-0.16818]
 [ 0.21833]
 [-0.05292]
 [ 0.24391]
 [-0.0876 ]
 [-0.07591]
 [ 0.01464]
 [ 0.27399]
 [-0.06213]
 [-0.01704]
 [ 0.11854]
 [-0.06465]
 [ 0.18632]
 [-0.2503 ]
 [ 0.15885]
 [ 0.01122]
 [-0.00989]
 [-0.15961]
 [ 0.25767]
 [ 0.04827]
 [ 0.22394]
 [-0.13009]
 [ 0.06338]
 [ 0.27062]
 [-0.01419]
 [ 0.18809]
 [ 0.08826]], f(x) 5.175Iteration 93: X_New [[-0.16552]
 [-0.04598]
 [ 0.12435]
 [-0.03438]
 [-0.06704]
 [-0.07985]
 [-0.16809]
 [ 0.21846]
 [-0.05279]
 [ 0.24404]
 [-0.08749]
 [-0.0758 ]
 [ 0.01474]
 [ 0.27411]
 [-0.06206]
 [-0.0169 ]
 [ 0.11868]
 [-0.06458]
 [ 0.18646]
 [-0.25021]
 [ 0.15897]
 [ 0.01132]
 [-0.00978]
 [-0.15953]
 [ 0.25779]
 [ 0.04839]
 [ 0.22412]
 [-0.13   ]
 [ 0.06347]
 [ 0.27077]
 [-0.01409]
 [ 0.18819]
 [ 0.08839]], f(x) 5.1745Iteration 94: X_New [[-0.16737]
 [-0.04611]
 [ 0.12403]
 [-0.0342 ]
 [-0.0673 ]
 [-0.08029]
 [-0.16855]
 [ 0.219  ]
 [-0.05282]
 [ 0.24457]
 [-0.08782]
 [-0.076  ]
 [ 0.01398]
 [ 0.27443]
 [-0.06316]
 [-0.01634]
 [ 0.11907]
 [-0.06558]
 [ 0.18709]
 [-0.25111]
 [ 0.15933]
 [ 0.01075]
 [-0.00971]
 [-0.16045]
 [ 0.25823]
 [ 0.04844]
 [ 0.22563]
 [-0.13041]
 [ 0.06294]
 [ 0.27155]
 [-0.01446]
 [ 0.18763]
 [ 0.08904]], f(x) 5.1745Iteration 95: X_New [[-0.1673 ]
 [-0.04598]
 [ 0.12414]
 [-0.03408]
 [-0.06718]
 [-0.08018]
 [-0.16845]
 [ 0.21914]
 [-0.05268]
 [ 0.24471]
 [-0.08769]
 [-0.07588]
 [ 0.01409]
 [ 0.27456]
 [-0.06308]
 [-0.0162 ]
 [ 0.11922]
 [-0.0655 ]
 [ 0.18723]
 [-0.25101]
 [ 0.15946]
 [ 0.01087]
 [-0.00959]
 [-0.16035]
 [ 0.25836]
 [ 0.04857]
 [ 0.22582]
 [-0.13031]
 [ 0.06304]
 [ 0.27171]
 [-0.01435]
 [ 0.18774]
 [ 0.08918]], f(x) 5.174Iteration 96: X_New [[-0.16886]
 [-0.0461 ]
 [ 0.12386]
 [-0.03394]
 [-0.06741]
 [-0.08056]
 [-0.16885]
 [ 0.2196 ]
 [-0.0527 ]
 [ 0.24513]
 [-0.08798]
 [-0.07605]
 [ 0.01345]
 [ 0.27482]
 [-0.06401]
 [-0.01573]
 [ 0.11953]
 [-0.06634]
 [ 0.18774]
 [-0.25177]
 [ 0.15975]
 [ 0.01038]
 [-0.00953]
 [-0.16113]
 [ 0.25873]
 [ 0.04861]
 [ 0.22707]
 [-0.13066]
 [ 0.06258]
 [ 0.27236]
 [-0.01467]
 [ 0.18726]
 [ 0.08972]], f(x) 5.174Iteration 97: X_New [[-0.1688 ]
 [-0.04598]
 [ 0.12396]
 [-0.03383]
 [-0.0673 ]
 [-0.08047]
 [-0.16876]
 [ 0.21973]
 [-0.05257]
 [ 0.24526]
 [-0.08787]
 [-0.07594]
 [ 0.01355]
 [ 0.27494]
 [-0.06394]
 [-0.0156 ]
 [ 0.11966]
 [-0.06627]
 [ 0.18787]
 [-0.25168]
 [ 0.15987]
 [ 0.01048]
 [-0.00942]
 [-0.16104]
 [ 0.25885]
 [ 0.04873]
 [ 0.22725]
 [-0.13057]
 [ 0.06267]
 [ 0.27251]
 [-0.01457]
 [ 0.18736]
 [ 0.08984]], f(x) 5.1735Iteration 98: X_New [[-0.17012]
 [-0.04609]
 [ 0.12371]
 [-0.03372]
 [-0.06749]
 [-0.08079]
 [-0.16911]
 [ 0.22011]
 [-0.05258]
 [ 0.2456 ]
 [-0.08812]
 [-0.07609]
 [ 0.01301]
 [ 0.27515]
 [-0.06474]
 [-0.0152 ]
 [ 0.11992]
 [-0.06698]
 [ 0.18829]
 [-0.25232]
 [ 0.16011]
 [ 0.01007]
 [-0.00937]
 [-0.1617 ]
 [ 0.25915]
 [ 0.04876]
 [ 0.2283 ]
 [-0.13087]
 [ 0.06227]
 [ 0.27304]
 [-0.01484]
 [ 0.18695]
 [ 0.09029]], f(x) 5.174Iteration 99: X_New [[-0.17007]
 [-0.04599]
 [ 0.12379]
 [-0.03362]
 [-0.0674 ]
 [-0.08071]
 [-0.16903]
 [ 0.22023]
 [-0.05246]
 [ 0.24571]
 [-0.08802]
 [-0.07599]
 [ 0.0131 ]
 [ 0.27526]
 [-0.06468]
 [-0.01508]
 [ 0.12004]
 [-0.06692]
 [ 0.18841]
 [-0.25224]
 [ 0.16021]
 [ 0.01016]
 [-0.00927]
 [-0.16163]
 [ 0.25926]
 [ 0.04886]
 [ 0.22846]
 [-0.13079]
 [ 0.06235]
 [ 0.27317]
 [-0.01475]
 [ 0.18704]
 [ 0.0904 ]], f(x) 5.1735Iteration 100: X_New [[-0.17159]
 [-0.0461 ]
 [ 0.1235 ]
 [-0.03349]
 [-0.06761]
 [-0.08107]
 [-0.16942]
 [ 0.22069]
 [-0.05245]
 [ 0.24612]
 [-0.08829]
 [-0.07615]
 [ 0.01249]
 [ 0.27551]
 [-0.0656 ]
 [-0.0146 ]
 [ 0.12035]
 [-0.06772]
 [ 0.18891]
 [-0.25297]
 [ 0.16049]
 [ 0.00969]
 [-0.0092 ]
 [-0.16238]
 [ 0.25961]
 [ 0.04891]
 [ 0.22968]
 [-0.13113]
 [ 0.06189]
 [ 0.2738 ]
 [-0.01506]
 [ 0.18658]
 [ 0.09094]], f(x) 5.1735Iteration 101: X_New [[-0.17154]
 [-0.04599]
 [ 0.12359]
 [-0.03339]
 [-0.06751]
 [-0.08098]
 [-0.16933]
 [ 0.22081]
 [-0.05233]
 [ 0.24624]
 [-0.08819]
 [-0.07605]
 [ 0.01258]
 [ 0.27562]
 [-0.06554]
 [-0.01448]
 [ 0.12047]
 [-0.06765]
 [ 0.18903]
 [-0.25289]
 [ 0.1606 ]
 [ 0.00979]
 [-0.0091 ]
 [-0.1623 ]
 [ 0.25972]
 [ 0.04902]
 [ 0.22984]
 [-0.13104]
 [ 0.06197]
 [ 0.27394]
 [-0.01497]
 [ 0.18667]
 [ 0.09105]], f(x) 5.173Iteration 102: X_New [[-0.17345]
 [-0.04612]
 [ 0.12322]
 [-0.0332 ]
 [-0.06775]
 [-0.08143]
 [-0.16982]
 [ 0.22142]
 [-0.05227]
 [ 0.24676]
 [-0.08852]
 [-0.07623]
 [ 0.01182]
 [ 0.27596]
 [-0.0667 ]
 [-0.01383]
 [ 0.12088]
 [-0.06866]
 [ 0.18969]
 [-0.25379]
 [ 0.16098]
 [ 0.00921]
 [-0.00898]
 [-0.16324]
 [ 0.26019]
 [ 0.0491 ]
 [ 0.23143]
 [-0.13146]
 [ 0.0614 ]
 [ 0.27476]
 [-0.01535]
 [ 0.18611]
 [ 0.09176]], f(x) 5.1735Iteration 103: X_New [[-0.17338]
 [-0.046  ]
 [ 0.12332]
 [-0.03309]
 [-0.06764]
 [-0.08133]
 [-0.16973]
 [ 0.22155]
 [-0.05214]
 [ 0.24688]
 [-0.08841]
 [-0.07612]
 [ 0.01192]
 [ 0.27608]
 [-0.06663]
 [-0.0137 ]
 [ 0.12101]
 [-0.06858]
 [ 0.18982]
 [-0.2537 ]
 [ 0.16109]
 [ 0.00932]
 [-0.00887]
 [-0.16315]
 [ 0.26031]
 [ 0.04921]
 [ 0.2316 ]
 [-0.13137]
 [ 0.06149]
 [ 0.2749 ]
 [-0.01525]
 [ 0.18621]
 [ 0.09188]], f(x) 5.173Iteration 104: X_New [[-0.17521]
 [-0.04612]
 [ 0.12296]
 [-0.03292]
 [-0.06786]
 [-0.08175]
 [-0.1702 ]
 [ 0.22215]
 [-0.05205]
 [ 0.24737]
 [-0.08872]
 [-0.07629]
 [ 0.01121]
 [ 0.2764 ]
 [-0.06774]
 [-0.01307]
 [ 0.12141]
 [-0.06954]
 [ 0.19044]
 [-0.25455]
 [ 0.16145]
 [ 0.00876]
 [-0.00874]
 [-0.16404]
 [ 0.26075]
 [ 0.0493 ]
 [ 0.23311]
 [-0.13178]
 [ 0.06093]
 [ 0.27568]
 [-0.01561]
 [ 0.18568]
 [ 0.09256]], f(x) 5.173Iteration 105: X_New [[-0.17515]
 [-0.04601]
 [ 0.12305]
 [-0.03282]
 [-0.06776]
 [-0.08166]
 [-0.17011]
 [ 0.22227]
 [-0.05193]
 [ 0.24748]
 [-0.08861]
 [-0.07619]
 [ 0.01131]
 [ 0.27651]
 [-0.06767]
 [-0.01295]
 [ 0.12153]
 [-0.06947]
 [ 0.19056]
 [-0.25446]
 [ 0.16156]
 [ 0.00886]
 [-0.00864]
 [-0.16395]
 [ 0.26086]
 [ 0.04941]
 [ 0.23326]
 [-0.13169]
 [ 0.06101]
 [ 0.27581]
 [-0.01552]
 [ 0.18577]
 [ 0.09267]], f(x) 5.1725Iteration 106: X_New [[-0.17736]
 [-0.04613]
 [ 0.1226 ]
 [-0.0326 ]
 [-0.06801]
 [-0.08216]
 [-0.17068]
 [ 0.22303]
 [-0.05178]
 [ 0.24808]
 [-0.08898]
 [-0.07637]
 [ 0.01046]
 [ 0.27691]
 [-0.06903]
 [-0.01214]
 [ 0.12203]
 [-0.07061]
 [ 0.19132]
 [-0.25549]
 [ 0.162  ]
 [ 0.0082 ]
 [-0.00846]
 [-0.16501]
 [ 0.26141]
 [ 0.04953]
 [ 0.23513]
 [-0.13216]
 [ 0.06034]
 [ 0.27678]
 [-0.01595]
 [ 0.18514]
 [ 0.09352]], f(x) 5.173Iteration 107: X_New [[-0.17729]
 [-0.04601]
 [ 0.1227 ]
 [-0.03249]
 [-0.0679 ]
 [-0.08206]
 [-0.17059]
 [ 0.22315]
 [-0.05165]
 [ 0.2482 ]
 [-0.08887]
 [-0.07626]
 [ 0.01056]
 [ 0.27702]
 [-0.06895]
 [-0.01201]
 [ 0.12216]
 [-0.07053]
 [ 0.19144]
 [-0.25539]
 [ 0.16211]
 [ 0.00831]
 [-0.00835]
 [-0.16492]
 [ 0.26152]
 [ 0.04964]
 [ 0.23529]
 [-0.13207]
 [ 0.06043]
 [ 0.27692]
 [-0.01585]
 [ 0.18524]
 [ 0.09364]], f(x) 5.1725Iteration 108: X_New [[-0.17889]
 [-0.04611]
 [ 0.12236]
 [-0.03235]
 [-0.06808]
 [-0.08243]
 [-0.17102]
 [ 0.2237 ]
 [-0.05153]
 [ 0.2486 ]
 [-0.08915]
 [-0.0764 ]
 [ 0.00995]
 [ 0.2773 ]
 [-0.06995]
 [-0.01143]
 [ 0.1225 ]
 [-0.07135]
 [ 0.19197]
 [-0.25613]
 [ 0.16241]
 [ 0.00783]
 [-0.00822]
 [-0.16569]
 [ 0.26191]
 [ 0.04973]
 [ 0.23661]
 [-0.13242]
 [ 0.05992]
 [ 0.2776 ]
 [-0.01617]
 [ 0.18479]
 [ 0.09424]], f(x) 5.1725Iteration 109: X_New [[-0.17883]
 [-0.04602]
 [ 0.12244]
 [-0.03226]
 [-0.06799]
 [-0.08235]
 [-0.17094]
 [ 0.2238 ]
 [-0.05143]
 [ 0.2487 ]
 [-0.08906]
 [-0.07631]
 [ 0.01003]
 [ 0.27739]
 [-0.06989]
 [-0.01133]
 [ 0.1226 ]
 [-0.07129]
 [ 0.19207]
 [-0.25605]
 [ 0.1625 ]
 [ 0.00792]
 [-0.00813]
 [-0.16562]
 [ 0.262  ]
 [ 0.04982]
 [ 0.23674]
 [-0.13234]
 [ 0.05999]
 [ 0.27771]
 [-0.01609]
 [ 0.18487]
 [ 0.09434]], f(x) 5.1725Iteration 110: X_New [[-0.18043]
 [-0.04612]
 [ 0.12208]
 [-0.03212]
 [-0.06817]
 [-0.08271]
 [-0.17137]
 [ 0.22436]
 [-0.05128]
 [ 0.24909]
 [-0.08933]
 [-0.07644]
 [ 0.00942]
 [ 0.27767]
 [-0.0709 ]
 [-0.01073]
 [ 0.12295]
 [-0.07211]
 [ 0.19261]
 [-0.25679]
 [ 0.16281]
 [ 0.00744]
 [-0.00799]
 [-0.16638]
 [ 0.26238]
 [ 0.04991]
 [ 0.23806]
 [-0.13269]
 [ 0.05947]
 [ 0.27839]
 [-0.01641]
 [ 0.18442]
 [ 0.09495]], f(x) 5.1725Iteration 111: X_New [[-0.18037]
 [-0.04603]
 [ 0.12215]
 [-0.03204]
 [-0.06809]
 [-0.08263]
 [-0.1713 ]
 [ 0.22446]
 [-0.05118]
 [ 0.24918]
 [-0.08924]
 [-0.07635]
 [ 0.0095 ]
 [ 0.27776]
 [-0.07084]
 [-0.01063]
 [ 0.12305]
 [-0.07205]
 [ 0.19271]
 [-0.25672]
 [ 0.1629 ]
 [ 0.00752]
 [-0.0079 ]
 [-0.16631]
 [ 0.26247]
 [ 0.05   ]
 [ 0.23818]
 [-0.13262]
 [ 0.05954]
 [ 0.2785 ]
 [-0.01633]
 [ 0.1845 ]
 [ 0.09504]], f(x) 5.172Iteration 112: X_New [[-0.18214]
 [-0.04613]
 [ 0.12175]
 [-0.03188]
 [-0.06826]
 [-0.08302]
 [-0.17178]
 [ 0.22511]
 [-0.05097]
 [ 0.24962]
 [-0.08954]
 [-0.07649]
 [ 0.00884]
 [ 0.27808]
 [-0.07196]
 [-0.00994]
 [ 0.12344]
 [-0.07295]
 [ 0.1933 ]
 [-0.25753]
 [ 0.16324]
 [ 0.00699]
 [-0.00772]
 [-0.16714]
 [ 0.26291]
 [ 0.05011]
 [ 0.23968]
 [-0.133  ]
 [ 0.05896]
 [ 0.27925]
 [-0.01668]
 [ 0.18402]
 [ 0.09574]], f(x) 5.1725Iteration 113: X_New [[-0.18208]
 [-0.04604]
 [ 0.12182]
 [-0.0318 ]
 [-0.06818]
 [-0.08294]
 [-0.17171]
 [ 0.2252 ]
 [-0.05087]
 [ 0.24971]
 [-0.08945]
 [-0.07641]
 [ 0.00892]
 [ 0.27817]
 [-0.0719 ]
 [-0.00984]
 [ 0.12354]
 [-0.07289]
 [ 0.19339]
 [-0.25746]
 [ 0.16332]
 [ 0.00707]
 [-0.00764]
 [-0.16707]
 [ 0.263  ]
 [ 0.0502 ]
 [ 0.2398 ]
 [-0.13293]
 [ 0.05903]
 [ 0.27935]
 [-0.0166 ]
 [ 0.1841 ]
 [ 0.09583]], f(x) 5.172Iteration 114: X_New [[-0.18497]
 [-0.04616]
 [ 0.12118]
 [-0.03151]
 [-0.06842]
 [-0.08354]
 [-0.17248]
 [ 0.22634]
 [-0.05044]
 [ 0.25044]
 [-0.0899 ]
 [-0.07659]
 [ 0.00789]
 [ 0.27873]
 [-0.07374]
 [-0.00864]
 [ 0.12424]
 [-0.07432]
 [ 0.19441]
 [-0.25873]
 [ 0.16392]
 [ 0.00625]
 [-0.00729]
 [-0.16839]
 [ 0.26373]
 [ 0.05043]
 [ 0.2423 ]
 [-0.13352]
 [ 0.05808]
 [ 0.28065]
 [-0.01713]
 [ 0.18335]
 [ 0.09703]], f(x) 5.172Iteration 115: X_New [[-0.18489]
 [-0.04606]
 [ 0.12126]
 [-0.03142]
 [-0.06832]
 [-0.08345]
 [-0.17239]
 [ 0.22644]
 [-0.05033]
 [ 0.25054]
 [-0.0898 ]
 [-0.07649]
 [ 0.00799]
 [ 0.27883]
 [-0.07367]
 [-0.00853]
 [ 0.12435]
 [-0.07424]
 [ 0.19451]
 [-0.25864]
 [ 0.16401]
 [ 0.00635]
 [-0.0072 ]
 [-0.1683 ]
 [ 0.26383]
 [ 0.05053]
 [ 0.24243]
 [-0.13343]
 [ 0.05816]
 [ 0.28076]
 [-0.01704]
 [ 0.18344]
 [ 0.09713]], f(x) 5.172Iteration 116: X_New [[-0.18579]
 [-0.04612]
 [ 0.12102]
 [-0.03136]
 [-0.06841]
 [-0.08366]
 [-0.17266]
 [ 0.22678]
 [-0.0502 ]
 [ 0.25073]
 [-0.08996]
 [-0.07657]
 [ 0.00766]
 [ 0.27898]
 [-0.07426]
 [-0.00817]
 [ 0.12453]
 [-0.07469]
 [ 0.19479]
 [-0.25905]
 [ 0.16417]
 [ 0.00608]
 [-0.0071 ]
 [-0.16872]
 [ 0.26403]
 [ 0.05058]
 [ 0.24316]
 [-0.13363]
 [ 0.05784]
 [ 0.28112]
 [-0.01723]
 [ 0.18319]
 [ 0.09748]], f(x) 5.172Iteration 117: X_New [[-0.18576]
 [-0.04606]
 [ 0.12106]
 [-0.03131]
 [-0.06836]
 [-0.08361]
 [-0.17262]
 [ 0.22684]
 [-0.05014]
 [ 0.25079]
 [-0.08991]
 [-0.07652]
 [ 0.00771]
 [ 0.27904]
 [-0.07423]
 [-0.00811]
 [ 0.12459]
 [-0.07465]
 [ 0.19485]
 [-0.25901]
 [ 0.16422]
 [ 0.00613]
 [-0.00705]
 [-0.16868]
 [ 0.26408]
 [ 0.05063]
 [ 0.24324]
 [-0.13359]
 [ 0.05788]
 [ 0.28119]
 [-0.01718]
 [ 0.18324]
 [ 0.09754]], f(x) 5.1715Iteration 118: X_New [[-0.18828]
 [-0.04616]
 [ 0.12044]
 [-0.03108]
 [-0.06853]
 [-0.08413]
 [-0.17333]
 [ 0.22789]
 [-0.04964]
 [ 0.25137]
 [-0.09029]
 [-0.07666]
 [ 0.00683]
 [ 0.27955]
 [-0.07589]
 [-0.00698]
 [ 0.1252 ]
 [-0.07589]
 [ 0.19571]
 [-0.26012]
 [ 0.16474]
 [ 0.00541]
 [-0.00669]
 [-0.16982]
 [ 0.26473]
 [ 0.05087]
 [ 0.24545]
 [-0.13411]
 [ 0.05699]
 [ 0.2823 ]
 [-0.01767]
 [ 0.18262]
 [ 0.09861]], f(x) 5.172Iteration 119: X_New [[-0.18822]
 [-0.04608]
 [ 0.12051]
 [-0.03101]
 [-0.06845]
 [-0.08406]
 [-0.17326]
 [ 0.22797]
 [-0.04955]
 [ 0.25145]
 [-0.09021]
 [-0.07658]
 [ 0.00691]
 [ 0.27963]
 [-0.07583]
 [-0.0069 ]
 [ 0.12528]
 [-0.07583]
 [ 0.19579]
 [-0.26005]
 [ 0.16481]
 [ 0.00549]
 [-0.00661]
 [-0.16975]
 [ 0.26481]
 [ 0.05095]
 [ 0.24555]
 [-0.13404]
 [ 0.05706]
 [ 0.28239]
 [-0.0176 ]
 [ 0.18269]
 [ 0.09869]], f(x) 5.1715Iteration 120: X_New [[-0.19023]
 [-0.04613]
 [ 0.11996]
 [-0.03085]
 [-0.06859]
 [-0.08445]
 [-0.17386]
 [ 0.22884]
 [-0.0491 ]
 [ 0.25189]
 [-0.09051]
 [-0.07669]
 [ 0.00624]
 [ 0.28   ]
 [-0.07717]
 [-0.00597]
 [ 0.12577]
 [-0.07678]
 [ 0.19646]
 [-0.26089]
 [ 0.16522]
 [ 0.00493]
 [-0.00631]
 [-0.17062]
 [ 0.26527]
 [ 0.05113]
 [ 0.24728]
 [-0.13445]
 [ 0.05629]
 [ 0.28327]
 [-0.01797]
 [ 0.1822 ]
 [ 0.09955]], f(x) 5.172Iteration 121: X_New [[-0.19018]
 [-0.04607]
 [ 0.12001]
 [-0.03079]
 [-0.06853]
 [-0.08439]
 [-0.17381]
 [ 0.2289 ]
 [-0.04903]
 [ 0.25195]
 [-0.09045]
 [-0.07663]
 [ 0.0063 ]
 [ 0.28006]
 [-0.07712]
 [-0.0059 ]
 [ 0.12584]
 [-0.07673]
 [ 0.19652]
 [-0.26083]
 [ 0.16528]
 [ 0.00499]
 [-0.00625]
 [-0.17056]
 [ 0.26533]
 [ 0.05119]
 [ 0.24736]
 [-0.1344 ]
 [ 0.05634]
 [ 0.28334]
 [-0.01791]
 [ 0.18226]
 [ 0.09961]], f(x) 5.1715Iteration 122: X_New [[-0.19124]
 [-0.04614]
 [ 0.1197 ]
 [-0.03073]
 [-0.06858]
 [-0.08464]
 [-0.17414]
 [ 0.22938]
 [-0.04874]
 [ 0.25214]
 [-0.09063]
 [-0.07668]
 [ 0.00594]
 [ 0.2803 ]
 [-0.07787]
 [-0.00539]
 [ 0.12606]
 [-0.07725]
 [ 0.19684]
 [-0.26134]
 [ 0.16547]
 [ 0.00468]
 [-0.00607]
 [-0.17106]
 [ 0.26559]
 [ 0.05131]
 [ 0.24831]
 [-0.13461]
 [ 0.05594]
 [ 0.28376]
 [-0.01816]
 [ 0.18201]
 [ 0.10009]], f(x) 5.1715Iteration 123: X_New [[-0.19121]
 [-0.0461 ]
 [ 0.11973]
 [-0.03069]
 [-0.06854]
 [-0.0846 ]
 [-0.17411]
 [ 0.22942]
 [-0.04869]
 [ 0.25218]
 [-0.09059]
 [-0.07664]
 [ 0.00598]
 [ 0.28034]
 [-0.07784]
 [-0.00534]
 [ 0.1261 ]
 [-0.07722]
 [ 0.19688]
 [-0.2613 ]
 [ 0.16551]
 [ 0.00472]
 [-0.00603]
 [-0.17102]
 [ 0.26563]
 [ 0.05135]
 [ 0.24836]
 [-0.13457]
 [ 0.05597]
 [ 0.28381]
 [-0.01812]
 [ 0.18205]
 [ 0.10013]], f(x) 5.1715Iteration 124: X_New [[-0.19609]
 [-0.04594]
 [ 0.11833]
 [-0.03031]
 [-0.06875]
 [-0.0853 ]
 [-0.17562]
 [ 0.23176]
 [-0.04724]
 [ 0.25328]
 [-0.09116]
 [-0.07686]
 [ 0.00452]
 [ 0.28125]
 [-0.08109]
 [-0.00287]
 [ 0.12748]
 [-0.07931]
 [ 0.19865]
 [-0.26307]
 [ 0.16665]
 [ 0.00352]
 [-0.00511]
 [-0.17282]
 [ 0.26678]
 [ 0.05187]
 [ 0.2526 ]
 [-0.13551]
 [ 0.05393]
 [ 0.28612]
 [-0.01883]
 [ 0.18098]
 [ 0.10231]], f(x) 5.1715Iteration 125: X_New [[-0.19607]
 [-0.04592]
 [ 0.11835]
 [-0.03029]
 [-0.06873]
 [-0.08528]
 [-0.1756 ]
 [ 0.23178]
 [-0.04721]
 [ 0.2533 ]
 [-0.09114]
 [-0.07684]
 [ 0.00454]
 [ 0.28128]
 [-0.08107]
 [-0.00285]
 [ 0.1275 ]
 [-0.07929]
 [ 0.19867]
 [-0.26305]
 [ 0.16667]
 [ 0.00354]
 [-0.00509]
 [-0.1728 ]
 [ 0.2668 ]
 [ 0.05189]
 [ 0.25263]
 [-0.13549]
 [ 0.05395]
 [ 0.28614]
 [-0.01881]
 [ 0.181  ]
 [ 0.10233]], f(x) 5.1715Iteration 126: X_New [[-0.19602]
 [-0.04596]
 [ 0.11837]
 [-0.03028]
 [-0.0687 ]
 [-0.08533]
 [-0.17557]
 [ 0.2318 ]
 [-0.04717]
 [ 0.25329]
 [-0.09115]
 [-0.07681]
 [ 0.00456]
 [ 0.28135]
 [-0.08108]
 [-0.00282]
 [ 0.12747]
 [-0.07929]
 [ 0.19863]
 [-0.26311]
 [ 0.16665]
 [ 0.00354]
 [-0.00506]
 [-0.17285]
 [ 0.26683]
 [ 0.05193]
 [ 0.25269]
 [-0.13547]
 [ 0.05401]
 [ 0.28611]
 [-0.01885]
 [ 0.18103]
 [ 0.10237]], f(x) 5.1715Iteration 127: X_New [[-0.19603]
 [-0.04597]
 [ 0.11836]
 [-0.03029]
 [-0.06871]
 [-0.08534]
 [-0.17558]
 [ 0.23179]
 [-0.04718]
 [ 0.25328]
 [-0.09116]
 [-0.07682]
 [ 0.00455]
 [ 0.28135]
 [-0.08109]
 [-0.00283]
 [ 0.12746]
 [-0.0793 ]
 [ 0.19862]
 [-0.26312]
 [ 0.16664]
 [ 0.00353]
 [-0.00507]
 [-0.17286]
 [ 0.26682]
 [ 0.05192]
 [ 0.25268]
 [-0.13548]
 [ 0.054  ]
 [ 0.2861 ]
 [-0.01886]
 [ 0.18102]
 [ 0.10236]], f(x) 5.1715